100 101
100 110
101 102
101 111
102 103
102 112
103 104
103 113
104 105
104 114
105 106
105 115
106 107
106 116
107 108
107 117
108 109
108 118
100 109
109 119
110 111
110 120
111 112
111 121
112 113
112 122
113 114
113 123
114 115
114 124
115 116
115 125
116 117
116 126
117 118
117 127
118 119
118 128
110 119
119 129
120 121
120 130
121 122
121 131
122 123
122 132
123 124
123 133
124 125
124 134
125 126
125 135
126 127
126 136
127 128
127 137
128 129
128 138
120 129
129 139
130 131
130 140
131 132
131 141
132 133
132 142
133 134
133 143
134 135
134 144
135 136
135 145
136 137
136 146
137 138
137 147
138 139
138 148
130 139
139 149
140 141
140 150
141 142
141 151
142 143
142 152
143 144
143 153
144 145
144 154
145 146
145 155
146 147
146 156
147 148
147 157
148 149
148 158
140 149
149 159
150 151
150 160
151 152
151 161
152 153
152 162
153 154
153 163
154 155
154 164
155 156
155 165
156 157
156 166
157 158
157 167
158 159
158 168
150 159
159 169
160 161
160 170
161 162
161 171
162 163
162 172
163 164
163 173
164 165
164 174
165 166
165 175
166 167
166 176
167 168
167 177
168 169
168 178
160 169
169 179
170 171
170 180
171 172
171 181
172 173
172 182
173 174
173 183
174 175
174 184
175 176
175 185
176 177
176 186
177 178
177 187
178 179
178 188
170 179
179 189
180 181
180 190
181 182
181 191
182 183
182 192
183 184
183 193
184 185
184 194
185 186
185 195
186 187
186 196
187 188
187 197
188 189
188 198
180 189
189 199
190 191
100 190
191 192
101 191
192 193
102 192
193 194
103 193
194 195
104 194
195 196
105 195
196 197
106 196
197 198
107 197
198 199
108 198
190 199
109 199
