777,1049
0,1059
962,1081
0,1091
1116,1114
0,1131
1298,1147
0,1162
1344,1181
0,1198
1243,1214
0,1229
817,1247
0,1262
957,1281
0,1296
967,1314
0,1329
1145,1347
0,1362
319,1381
0,1396
0,1400
1386,1414
1386,1417
1386,1420
1386,1422
1388,1425
1388,1428
1388,1431
1388,1433
1388,1436
1388,1439
1388,1442
791,1445
1388,1447
1388,1449
1388,1452
1388,1454
1388,1456
1388,1458
1388,1460
1388,1462
1388,1464
1388,1466
1388,1468
1388,1470
1388,1472
1388,1474
1388,1477
99,1479
1388,1481
1388,1483
1388,1485
1388,1487
1388,1489
1388,1491
1388,1493
1388,1495
1388,1497
1388,1499
1388,1502
1388,1504
1388,1506
1388,1508
1388,1510
962,1512
1388,1514
1388,1516
1388,1518
1388,1521
1388,1523
1388,1525
1388,1527
1388,1530
1388,1532
1388,1534
1388,1536
1388,1538
1388,1541
1401,1542
1388,1543
952,1545
1388,1547
1388,1550
1388,1553
1388,1556
1388,1558
1388,1561
1388,1564
1388,1567
1388,1570
1388,1572
1388,1575
281,1578
1388,1581
998,1597
1388,1614
1388,1617
1388,1619
1388,1622
1388,1624
1388,1627
1388,1629
1388,1632
1388,1635
1388,1637
1388,1640
1388,1642
711,1645
1388,1647
1388,1649
1388,1650
1388,1652
1388,1653
1388,1655
1388,1656
1388,1658
1388,1659
1388,1660
1388,1662
1388,1663
1388,1665
1388,1666
1388,1668
1388,1669
1388,1671
1388,1672
1388,1673
1388,1675
1388,1676
1388,1678
322,1679
1388,1681
1388,1682
1388,1683
1388,1684
1388,1685
1388,1686
1388,1687
1388,1688
1388,1690
1388,1691
1388,1692
1388,1693
1388,1694
1388,1695
1388,1696
1388,1697
1388,1698
1388,1700
1388,1701
1388,1702
1388,1703
1388,1704
1388,1705
1388,1706
1388,1707
1388,1708
1388,1710
1388,1711
1388,1712
1226,1713
1388,1714
1388,1715
1388,1716
1460,1719
1460,1719
1460,1720
1460,1723
1460,1724
1460,1727
1460,1728
1460,1729
1460,1731
1460,1731
1460,1733
1460,1733
1460,1736
1460,1737
1460,1737
1460,1741
1460,1741
1460,1742
1399,1744
1460,1744
1460,1745
1460,1746
1459,1746
1460,1747
1460,1748
1460,1748
1460,1751
1460,1751
1460,1752
1460,1754
1460,1754
1460,1755
1460,1757
1460,1758
1460,1758
1460,1761
1460,1762
1460,1765
1460,1766
1460,1766
1460,1767
1460,1767
1460,1774
1460,1774
1460,1775
1460,1777
1460,1778
1460,1778
1460,1780
1459,1781
1460,1781
1460,1784
1460,1784
1460,1785
1460,1789
1460,1789
1460,1789
1460,1792
1460,1792
1460,1792
1460,1794
1460,1794
1460,1795
1460,1797
1460,1798
1460,1798
1460,1801
1460,1801
1460,1801
1460,1804
1459,1804
1460,1805
1460,1806
1460,1807
1460,1812
1460,1812
1460,1813
1460,1813
1460,1814
1459,1814
1460,1821
1460,1821
1460,1822
1460,1824
1460,1825
1460,1825
1460,1827
1460,1828
1460,1828
1460,1831
1460,1831
1460,1832
1460,1836
1460,1836
1460,1837
1460,1839
1460,1839
1460,1839
1460,1841
1460,1842
1459,1842
1460,1844
1460,1845
1460,1845
1460,1847
1460,1848
1460,1851
1460,1851
1460,1851
1460,1853
1460,1854
1460,1854
1460,1859
1460,1860
1460,1860
1460,1861
1460,1861
1460,1861
1460,1868
1460,1868
1460,1869
1460,1871
1460,1872
1460,1872
1460,1874
1459,1875
1460,1875
1460,1878
1460,1878
1460,1879
1460,1883
1460,1883
1460,1884
1460,1885
1460,1886
1460,1888
1460,1888
1460,1889
1460,1891
1460,1891
1460,1892
1460,1894
1460,1894
1460,1895
1460,1898
1460,1898
1460,1898
1459,1900
1460,1900
1460,1906
612,1906
731,1914
1473,1935
1473,1941
776,1947
1146,1981
0,2014
1118,2014
0,2029
848,2047
0,2064
696,2081
977,2114
947,2147
0,2162
0,2166
902,2181
856,2214
1271,2247
0,2262
0,2266
1345,2281
1388,2314
85,2331
1388,2347
0,2363
208,2364
0,2374
1388,2381
44,2397
1388,2414
0,2424
192,2431
0,2441
1388,2447
158,2464
1388,2481
0,2491
0,2494
272,2497
1388,2514
141,2531
1388,2547
506,2564
0,2574
0,2577
1388,2581
535,2597
1388,2614
505,2631
1388,2647
0,2662
577,2664
0,2674
1388,2681
571,2697
1388,2714
0,2724
765,2731
0,2741
1388,2747
737,2764
1388,2781
0,2791
0,2794
886,2797
1388,2814
905,2831
1388,2847
943,2864
0,2879
1388,2881
0,2891
811,2897
1388,2914
1275,2931
0,2941
0,2944
1388,2947
1269,2964
1388,2981
1329,2997
1388,3014
1388,3025
0,3035
117,3036
0,3046
1388,3047
1388,3058
56,3070
1388,3081
0,3091
1388,3092
0,3103
171,3103
0,3113
1388,3114
1388,3125
365,3136
1388,3147
1388,3158
0,3168
423,3170
1388,3181
1388,3192
602,3203
1388,3214
1388,3225
533,3236
0,3247
1388,3247
1388,3258
314,3270
1388,3281
1388,3282
1388,3283
1388,3285
1388,3286
1388,3287
1388,3288
1388,3290
1388,3291
1388,3292
1388,3294
1388,3295
1388,3296
1388,3297
1388,3299
1388,3300
1388,3301
1388,3303
1388,3304
1388,3305
1388,3306
1388,3308
1388,3309
1388,3310
1388,3311
1099,3313
1388,3314
1388,3315
1388,3317
1388,3318
1388,3319
1388,3321
1388,3322
1388,3323
1388,3325
1388,3326
1388,3327
1388,3329
1388,3330
1388,3331
1388,3333
1388,3334
1388,3335
1388,3337
1388,3338
1388,3339
1388,3341
1388,3342
1388,3343
1388,3345
816,3346
1388,3347
1388,3349
1388,3350
1388,3352
1388,3353
1388,3355
1388,3356
1388,3358
1388,3359
1388,3360
1388,3362
1388,3363
1388,3365
1388,3366
1388,3368
1388,3369
1388,3371
1388,3372
1388,3373
1388,3375
1388,3376
1388,3378
553,3379
1388,3381
1388,3382
1388,3384
1388,3386
1388,3387
1388,3389
1388,3391
1388,3392
1388,3394
1388,3396
1388,3397
1388,3399
1388,3401
1388,3402
1388,3404
1388,3406
1388,3407
1388,3409
1388,3411
410,3412
1388,3414
1388,3416
1388,3418
1388,3420
1388,3422
1388,3424
1388,3427
1388,3429
1388,3431
1388,3433
1388,3435
1388,3437
1388,3439
1388,3441
1388,3443
208,3445
1388,3447
1388,3450
1388,3453
1388,3456
1388,3459
1388,3463
1388,3466
1388,3469
1388,3472
1388,3475
151,3478
1388,3481
946,3497
1388,3514
1388,3516
1388,3519
1388,3521
1388,3524
1388,3526
1388,3528
1388,3531
1388,3533
1388,3535
1388,3538
1388,3540
1388,3543
1032,3545
1388,3547
1388,3549
1388,3550
1388,3552
1388,3553
1388,3555
1388,3556
1388,3558
1388,3559
1388,3561
1388,3563
1388,3564
1388,3566
1388,3567
1388,3569
1388,3570
1388,3572
1388,3573
1388,3575
1388,3576
1388,3578
941,3579
1388,3581
1388,3582
1388,3583
1388,3584
1388,3585
1388,3587
1388,3588
1388,3589
1388,3590
1388,3591
1388,3593
1388,3594
1388,3595
1388,3596
1388,3597
1388,3599
1388,3600
1388,3601
1388,3602
1388,3603
1388,3605
1388,3606
1388,3607
1388,3608
1388,3609
1388,3610
1388,3612
831,3613
1388,3614
1388,3615
1388,3616
1388,3617
1388,3618
1388,3619
1388,3620
1388,3621
1388,3622
1388,3623
1388,3624
1388,3626
1388,3627
1388,3628
1460,3630
1324,3630
1388,3631
1460,3633
1324,3634
1388,3634
1460,3637
1460,3637
1260,3638
1460,3640
1460,3641
1460,3644
1460,3644
1460,3645
1460,3646
1460,3647
1460,3650
1460,3650
1460,3651
1460,3654
1460,3654
1460,3654
1460,3657
1460,3657
1460,3658
1460,3661
1460,3661
1460,3664
1457,3664
1460,3665
1460,3667
1460,3667
1460,3668
1460,3670
1460,3670
1460,3671
1460,3672
1460,3673
1460,3676
1460,3677
1460,3677
1460,3680
1460,3680
1460,3684
1460,3684
1460,3685
1477,3687
1460,3688
1460,3688
1460,3689
1460,3689
1460,3691
1460,3692
1460,3692
1460,3694
1460,3694
1460,3697
1460,3698
1460,3698
1460,3701
1460,3701
1460,3702
1460,3705
1460,3705
1460,3705
1460,3710
1460,3711
1460,3711
1460,3714
1459,3714
1460,3714
1460,3717
1460,3717
1460,3717
1460,3719
1460,3719
1460,3720
1460,3723
1460,3724
1460,3724
1477,3727
1460,3728
1460,3731
1460,3732
1460,3732
1460,3735
1460,3735
1425,3736
1388,3747
1460,3782
427,3786
0,3796
900,3797
1388,3814
523,3831
0,3842
1388,3847
531,3864
0,3881
1388,3881
0,3891
1111,3897
1388,3914
645,3931
0,3941
1388,3947
431,3964
0,3981
1388,3981
159,3997
1388,4014
0,4024
20,4031
0,4041
1087,4047
1093,4081
0,4091
0,4094
1388,4114
131,4131
1388,4147
168,4164
1388,4181
281,4197
1388,4214
0,4229
0,4230
497,4231
1388,4247
484,4264
1388,4281
529,4297
0,4307
0,4311
1388,4314
923,4331
1388,4347
705,4364
1388,4386
0,4396
0,4396
826,4397
1388,4414
1061,4431
1388,4447
1137,4464
0,4474
0,4477
1388,4481
1388,4502
73,4503
1388,4514
1388,4525
410,4537
0,4547
0,4547
1388,4550
1460,4584
1444,4585
1388,4592
96,4603
1460,4638
1460,4640
203,4641
1388,4647
0,4657
1460,4687
1460,4688
499,4690
1388,4700
83,4710
1388,4720
1388,4736
790,4737
1460,4766
1324,4768
202,4770
0,4780
1388,4782
1460,4816
1460,4817
256,4818
1460,4851
1460,4861
1460,4864
223,4865
354,4870
1460,4908
1460,4909
227,4910
1388,4916
1460,4956
1460,4957
1460,4967
1460,4977
1460,5013
1460,5015
1460,5025
1460,5035
1460,5071
1460,5097
1460,5108
1460,5118
1460,5128
1460,5162
1460,5190
1460,5200
1460,5210
1460,5247
1460,5256
1460,5282
1460,5292
1460,5302
1459,5348
1460,5358
1460,5368
1460,5415
1460,5427
1460,5438
1460,5473
1460,5483
1460,5493
1460,5540
1460,5549
1460,5558
1460,5568
1460,5578
1483,5615
1460,5624
1460,5640
1460,5660
1460,5670
1460,5686
1460,5732
1460,5742
1460,5752
1459,5768
1460,5778
1460,5798
1460,5808
1460,5818
1460,5865
1460,5875
1460,5885
1460,5922
1460,5937
1460,5952
1460,5967
1460,5993
1460,6023
1460,6033
1460,6043
1460,6075
1460,6085
1460,6100
1460,6131
1460,6144
1460,6154
1460,6200
1460,6210
1460,6220
1460,6267
1460,6283
1460,6298
1460,6324
1460,6339
1460,6370
1460,6380
1460,6390
1460,6425
1460,6435
1460,6445
1460,6492
1460,6502
1460,6512
1460,6549
1460,6564
1460,6579
1460,6594
1460,6620
1460,6650
1460,6660
1460,6670
1460,6702
1460,6712
1460,6732
1460,6768
1460,6784
1460,6799
1460,6814
1460,6824
1460,6871
1460,6881
1460,6891
1460,6937
1460,6947
1460,6957
1459,6994
1460,7014
1460,7024
1460,7039
1460,7066
1460,7096
1460,7106
1460,7116
1460,7163
1460,7173
1460,7183
1460,7229
1460,7244
1460,7260
1460,7291
1460,7301
1460,7311
1460,7358
1460,7368
1460,7378
1460,7419
1460,7429
1460,7445
1460,7491
1460,7501
1460,7511
1460,7557
1460,7567
1460,7577
1460,7624
1460,7637
1460,7650
1460,7684
1460,7694
1460,7704
1460,7750
1460,7760
1460,7770
1459,7817
1460,7833
1460,7850
1460,7874
1460,7890
1460,7921
1460,7931
1460,7941
1452,7972
1460,7982
1460,7995
1460,8041
1460,8052
1460,8062
1460,8099
1460,8112
1460,8126
1460,8144
1460,8154
1460,8197
1460,8207
1460,8217
1459,8264
1460,8274
1460,8284
1460,8321
1459,8334
1460,8348
1460,8361
1460,8371
1460,8419
1460,8429
1460,8439
1483,8486
1460,8500
1460,8513
1460,8560
1460,8570
1460,8580
1460,8618
1460,8628
1460,8638
1460,8684
1460,8694
1460,8704
1459,8752
1460,8765
1460,8779
1460,8808
1460,8818
1460,8851
1460,8861
1460,8871
1460,8919
1460,8929
1460,8939
1460,8976
1460,8993
1460,9012
1460,9022
1460,9032
1460,9068
1460,9078
1460,9088
1460,9135
1460,9145
1460,9155
1459,9202
1460,9224
1460,9247
1460,9269
1460,9286
1460,9319
1460,9329
1460,9339
1460,9386
1453,9396
1460,9406
1460,9453
1460,9470
1460,9486
1460,9509
1460,9523
1460,9558
1460,9568
1460,9578
1460,9629
1460,9639
1460,9649
1460,9686
1460,9702
1460,9721
1460,9731
1460,9741
1460,9788
1460,9798
1460,9808
1460,9855
1460,9872
1460,9888
1460,9928
1452,9938
1460,9948
1460,9985
1460,10002
1460,10015
1460,10031
1460,10056
1460,10066
1460,10076
1460,10124
1460,10134
1460,10144
1460,10182
1460,10197
1460,10210
1459,10225
1460,10254
1460,10282
1460,10292
1460,10302
1460,10336
1460,10346
1460,10357
1460,10403
1460,10422
1460,10436
1460,10475
1460,10485
1460,10495
1460,10542
1460,10552
1460,10562
1459,10598
1460,10612
1460,10624
1460,10669
1460,10688
1460,10705
1460,10715
1460,10743
1460,10777
1460,10787
1460,10797
1460,10843
1459,10853
1460,10863
1460,10910
1460,10928
1460,10946
1460,10971
1460,10981
1460,10991
1460,11037
1460,11047
1460,11057
1460,11094
1460,11110
1460,11124
1459,11139
1460,11166
1460,11196
1460,11206
1460,11216
1460,11262
1460,11272
1460,11282
1460,11319
1460,11335
1460,11349
1460,11364
1460,11390
1460,11420
1459,11430
1460,11440
1460,11487
1460,11497
1460,11507
1460,11543
1460,11559
1460,11573
1460,11588
1460,11615
1460,11645
1460,11655
1459,11665
1460,11713
1460,11723
1460,11733
1459,11749
1460,11765
1460,11781
1460,11797
1460,11813
1460,11823
1460,11833
1460,11848
1460,11863
1460,11877
1460,11892
1460,11904
1460,11914
1460,11928
1460,11941
1460,11954
1460,11965
1460,11976
1460,11987
1460,11997
1460,12007
1460,12016
1460,12026
1460,12035
1460,12045
1460,12055
1460,12064
1460,12074
1460,12084
1459,12091
1460,12099
1460,12107
1460,12114
1460,12122
1460,12130
1460,12137
1460,12150
1460,12163
1460,12172
1460,12181
1460,12186
1460,12192
1460,12198
1460,12204
1460,12210
1460,12216
1460,12222
1460,12227
1460,12233
1460,12239
1460,12245
1460,12251
1460,12257
1460,12263
1460,12268
1460,12274
1460,12280
1460,12286
1460,12292
1460,12298
1460,12304
1459,12309
1460,12314
1460,12319
1460,12323
1460,12328
1460,12332
1460,12337
1460,12341
1460,12346
1460,12350
1460,12355
1460,12359
1460,12364
1460,12369
1460,12373
1460,12378
1460,12382
1460,12387
1460,12391
1460,12396
1460,12400
1460,12405
1460,12409
1460,12414
1460,12419
1460,12423
1460,12428
1460,12432
1460,12437
1460,12441
1460,12446
1460,12450
1460,12455
1460,12459
1460,12464
1460,12468
1460,12473
1460,12477
1460,12482
1460,12486
1460,12490
1460,12493
1460,12497
1460,12500
1460,12504
1460,12508
1460,12511
1460,12515
1460,12518
1460,12522
1460,12525
1459,12529
1460,12533
1460,12536
1460,12542
1460,12548
1460,12554
1460,12560
1460,12563
1460,12566
1460,12570
1460,12573
1460,12577
1460,12580
1460,12583
1460,12587
1460,12590
1460,12594
1460,12597
1460,12600
1460,12604
1460,12607
1460,12611
1460,12614
1460,12617
1460,12621
1460,12624
1460,12628
1460,12631
1460,12634
1460,12638
1460,12641
1460,12645
1460,12648
1460,12651
1460,12655
1460,12658
1460,12661
1460,12664
1460,12667
1460,12670
1459,12673
1460,12676
1459,12679
1460,12682
1460,12685
1460,12688
1460,12691
1460,12694
1460,12697
1460,12700
1460,12703
1460,12706
1460,12709
1460,12712
1460,12715
1460,12718
1460,12721
1460,12724
1460,12727
1460,12730
1460,12733
1460,12736
1460,12739
1481,12742
1460,12742
1460,12745
1460,12748
1460,12751
1460,12754
1460,12757
1460,12760
1460,12763
1460,12766
1452,12769
1460,12772
1460,12775
1460,12778
1460,12781
1460,12784
1460,12787
1460,12790
1460,12793
1460,12796
1460,12799
1460,12802
1460,12804
1460,12807
1460,12809
1460,12812
1452,12814
1460,12817
1460,12820
1460,12822
1460,12825
1460,12827
1460,12830
1460,12832
1460,12834
1460,12837
1460,12839
1460,12841
1460,12844
1459,12846
1460,12849
1460,12851
1460,12853
1460,12856
1460,12858
1460,12860
1460,12863
1460,12865
1460,12868
1460,12870
1460,12872
1460,12875
1459,12877
1460,12879
1460,12882
1460,12884
1460,12887
1460,12889
1459,12891
1460,12894
1460,12896
1460,12897
1460,12899
1460,12901
1460,12903
1460,12905
1460,12907
1460,12909
1460,12911
1460,12913
1460,12915
1460,12916
1460,12918
1460,12920
1460,12922
1460,12924
1460,12926
1460,12928
1460,12930
1460,12932
1460,12934
1460,12935
1460,12937
1460,12939
1459,12941
1460,12943
1460,12945
1460,12948
1460,12951
1460,12954
1460,12957
1460,12960
1460,12963
1460,12967
1460,12970
1460,12973
1460,12976
1487,12976
1460,12979
1460,12982
1460,12985
1460,12988
1460,12991
1460,12994
1460,12996
1460,12998
1460,13001
1460,13003
1460,13005
1460,13007
1460,13009
1460,13011
1460,13013
1460,13015
1460,13018
1459,13020
1460,13022
1460,13024
1460,13026
1460,13028
1460,13030
1460,13032
1460,13034
1460,13036
1460,13038
1460,13040
1459,13042
1460,13044
1460,13046
1460,13048
1460,13050
1460,13052
1460,13054
1460,13056
1460,13058
1460,13060
1460,13062
1460,13064
1460,13066
1460,13068
1460,13070
1460,13072
1460,13075
1460,13077
1460,13079
1460,13081
1459,13083
1460,13085
1460,13087
1460,13089
1460,13091
1460,13093
1460,13095
1460,13097
1460,13099
1460,13101
1460,13103
1460,13105
1460,13107
1460,13109
1460,13111
1460,13113
1460,13115
1460,13117
1460,13119
1460,13121
1460,13123
1460,13125
1460,13127
1460,13129
1460,13132
1460,13134
1460,13136
1460,13138
1460,13140
1460,13142
1459,13144
1460,13146
1460,13148
1460,13150
1460,13152
1460,13154
1460,13156
1460,13158
1460,13160
1460,13162
1460,13164
1460,13166
1460,13168
1460,13170
1460,13172
1460,13174
1460,13176
1460,13178
1460,13180
1460,13182
1460,13187
1460,13189
1459,13191
1487,13192
1460,13193
1460,13195
1460,13197
1460,13199
1460,13201
1460,13203
1460,13205
1460,13207
1460,13216
1460,13218
1460,13220
1460,13222
1460,13224
1459,13227
1460,13229
1460,13231
1460,13233
1460,13235
1459,13237
1460,13239
1460,13241
1460,13243
1460,13245
1460,13247
1460,13249
1460,13251
1460,13253
1460,13255
1460,13257
1460,13259
1460,13261
1460,13263
1460,13265
1460,13267
1460,13269
1460,13271
1460,13273
1460,13275
1455,13277
1460,13279
1460,13281
1460,13283
1460,13286
1460,13288
1485,13289
1460,13290
1460,13292
1460,13294
1460,13297
1460,13299
1460,13300
1487,13305
1460,13306
1460,13308
1459,13310
1459,13311
1460,13318
1460,13320
1460,13323
1460,13325
1460,13326
1460,13328
1459,13330
1460,13331
1460,13333
1460,13335
1460,13336
1460,13340
1460,13342
1460,13343
1460,13348
1460,13350
1459,13353
1460,13356
1460,13358
1460,13361
1460,13364
1460,13367
1460,13369
1460,13372
1460,13375
1460,13377
1460,13380
1460,13383
1460,13386
1460,13388
1460,13391
1460,13394
1460,13396
1460,13398
1460,13400
1460,13402
1460,13405
1460,13407
1459,13409
1460,13411
1460,13413
1460,13415
1460,13417
1460,13419
1460,13421
1460,13423
1460,13425
1460,13427
1460,13429
1460,13431
1459,13433
1460,13435
1459,13437
1460,13439
1460,13441
1460,13443
1489,13444
1460,13445
1459,13447
1460,13449
1460,13451
1460,13453
1460,13455
1460,13457
1460,13459
1460,13462
1460,13464
1460,13466
1460,13468
1460,13470
1460,13476
1460,13478
1460,13480
1460,13482
1460,13484
1460,13487
1460,13493
1460,13495
1460,13497
1460,13499
1460,13501
1460,13503
1460,13510
1460,13512
1460,13514
1460,13516
1460,13518
1460,13520
1460,13522
1460,13524
1460,13526
1460,13528
1460,13530
1460,13532
1460,13534
1460,13536
1460,13538
1460,13540
1460,13542
1460,13544
1460,13546
1460,13549
1459,13551
1460,13553
1460,13555
1460,13557
1460,13559
1460,13561
1460,13563
1460,13565
1460,13567
1460,13569
1460,13571
1460,13573
1460,13575
1460,13577
1460,13579
1460,13581
1460,13583
1460,13585
1460,13587
1460,13589
1460,13591
1459,13593
1460,13598
1460,13600
1460,13602
1460,13607
1460,13609
1460,13611
1459,13613
1460,13615
1460,13617
1460,13619
1460,13621
1460,13623
1460,13625
1460,13627
1460,13629
1459,13632
1460,13634
1460,13637
1460,13639
1460,13641
1460,13643
1460,13645
1460,13647
1460,13649
1460,13651
1460,13653
1460,13655
1460,13657
1460,13659
1460,13661
1460,13664
1460,13667
1460,13669
1460,13671
1460,13673
1460,13675
1460,13677
1460,13679
1460,13681
1460,13683
1460,13685
1460,13687
1460,13689
1460,13691
1460,13693
1460,13695
1460,13697
1459,13699
1460,13701
1460,13702
1460,13709
1460,13711
1460,13713
1460,13714
1460,13716
1460,13718
1460,13719
1460,13721
1460,13726
1459,13727
1460,13729
1460,13734
1460,13736
1460,13737
1460,13739
1460,13740
1460,13742
1460,13744
1460,13745
1460,13747
1460,13750
1460,13752
1460,13755
1460,13758
1460,13761
1460,13763
1460,13766
1460,13769
1459,13771
1460,13774
1460,13777
1460,13780
1460,13782
1460,13785
1460,13788
1460,13790
1460,13793
1460,13796
1460,13799
1460,13801
1460,13804
1460,13807
1460,13809
1460,13811
1459,13813
1460,13815
1460,13817
1460,13819
1460,13821
1460,13823
1460,13825
1460,13827
1460,13829
1460,13831
1460,13833
1460,13835
1460,13837
1460,13839
1460,13841
1460,13843
1460,13845
1460,13847
1460,13849
1460,13851
1460,13853
1460,13855
1460,13858
1459,13860
1460,13862
1460,13864
1460,13866
1460,13868
1460,13870
1460,13872
1460,13874
1460,13876
1460,13879
1460,13881
1460,13883
1460,13887
1460,13889
1459,13891
1460,13895
1460,13897
1460,13899
1460,13902
1460,13904
1460,13906
1460,13908
1460,13910
1460,13912
1460,13914
1459,13916
1460,13918
1460,13920
1460,13922
1460,13925
1460,13927
1460,13929
1460,13931
1457,13933
1460,13935
1460,13937
1460,13939
1460,13941
1460,13943
1460,13945
1460,13947
1460,13949
1460,13951
1507,13953
1460,13953
1460,13955
1460,13960
1460,13962
1460,13964
1460,13966
1460,13968
1460,13970
1460,13972
1460,13974
1460,13976
1460,13978
1460,13980
1460,13982
1460,13984
1460,13987
1460,13989
1460,13991
1460,13997
1460,13999
1460,14001
1460,14003
1460,14005
1460,14008
1460,14010
1460,14012
1453,14014
1460,14016
1460,14018
1460,14021
1460,14023
1460,14025
1460,14027
1460,14029
1460,14031
1460,14033
1460,14035
1460,14037
1460,14039
1460,14041
1460,14043
1460,14045
1460,14047
1460,14049
1460,14051
1460,14053
1460,14055
1460,14057
1460,14059
1460,14061
1460,14063
1460,14065
1460,14067
1459,14069
1460,14071
1460,14073
1460,14075
1460,14078
1460,14080
1460,14082
1460,14084
1460,14086
1460,14088
1460,14090
1460,14092
1460,14094
1460,14098
1460,14100
1460,14102
1460,14105
1460,14106
1460,14108
1460,14111
1460,14113
1460,14114
1460,14116
1460,14118
1460,14119
1459,14124
1460,14125
1460,14127
1460,14132
1460,14134
1460,14135
1460,14139
1460,14141
1460,14142
1460,14144
1460,14146
1460,14147
1460,14149
1460,14151
1460,14155
1460,14158
1460,14160
1460,14163
1460,14166
1460,14169
1460,14171
1460,14174
1460,14177
1460,14179
1460,14182
1460,14185
1460,14188
1459,14190
1460,14193
1460,14196
1460,14198
1460,14201
1460,14204
1460,14206
1460,14208
1460,14210
1460,14212
1460,14214
1460,14216
1460,14218
1460,14220
1460,14222
1460,14224
1460,14226
1460,14228
1460,14230
1460,14232
1460,14234
1460,14236
1455,14238
1460,14240
1460,14242
1460,14244
1460,14246
1460,14248
1460,14250
1460,14252
1460,14254
1460,14256
1460,14258
1460,14260
1460,14262
1460,14264
1505,14266
1459,14269
1460,14271
1460,14273
1460,14275
1460,14277
1460,14279
1460,14283
1460,14285
1460,14287
1507,14294
1460,14296
1460,14298
1460,14300
1460,14304
1460,14306
1460,14308
1460,14310
1460,14312
1460,14314
1460,14316
1460,14318
1460,14320
1460,14322
1460,14324
1460,14326
1460,14328
1460,14330
1460,14332
1460,14334
1460,14336
1460,14338
1460,14340
1459,14342
1460,14344
1460,14346
1460,14348
1460,14350
1460,14352
1460,14354
1460,14356
1460,14358
1460,14360
1460,14362
1460,14364
1460,14366
1459,14368
1506,14369
1460,14370
1460,14372
1459,14374
1460,14376
1460,14378
1460,14380
1460,14382
1460,14390
1460,14392
1460,14394
1460,14397
1460,14399
1460,14401
1460,14405
1460,14407
1460,14409
1460,14411
1460,14413
1460,14415
1460,14417
1460,14419
1460,14421
1460,14424
1460,14426
1460,14428
1460,14432
1460,14434
1460,14436
1460,14438
1460,14440
1460,14442
1460,14444
1460,14446
1460,14448
1460,14450
1460,14452
1457,14454
1460,14456
1460,14458
1460,14460
1460,14462
1460,14464
1460,14466
1459,14468
1460,14470
1460,14472
1460,14474
1460,14476
1460,14478
1460,14480
1460,14482
1460,14484
1460,14486
1460,14488
1460,14490
1460,14492
1460,14494
1460,14496
1460,14498
1460,14500
1460,14505
1460,14506
1460,14509
1460,14510
1460,14512
1460,14517
1460,14518
1460,14520
1460,14522
1460,14523
1460,14525
1460,14529
1460,14530
1460,14532
1460,14537
1460,14538
1460,14540
1460,14542
1460,14543
1452,14545
1460,14546
1460,14548
1460,14550
1460,14551
1460,14553
1460,14555
1459,14556
1460,14558
1460,14559
1460,14561
1505,14561
1460,14563
1460,14565
1460,14568
1460,14571
1460,14573
1460,14576
1459,14579
1460,14581
1460,14584
1460,14587
1460,14590
1460,14592
1460,14595
1460,14598
1459,14600
1460,14603
1460,14606
1460,14610
1460,14612
1460,14613
1460,14615
1460,14617
1460,14620
1460,14622
1460,14624
1460,14626
1460,14628
1460,14630
1460,14631
1460,14633
1460,14635
1460,14637
1460,14639
1460,14641
1460,14643
1460,14645
1460,14647
1460,14649
1460,14651
1460,14653
1460,14655
1460,14657
1460,14659
1460,14661
1460,14663
1460,14665
1460,14667
1459,14669
1460,14671
1460,14673
1460,14675
1460,14677
1460,14678
1460,14680
1460,14682
1460,14684
1460,14686
1460,14688
1460,14690
1460,14692
1460,14694
1460,14696
1460,14698
1460,14700
1460,14702
1460,14704
1459,14705
1460,14707
1460,14709
1460,14711
1460,14713
1460,14715
1459,14717
1460,14719
1460,14721
1460,14723
1460,14725
1460,14727
1460,14729
1460,14731
1460,14732
1460,14734
1460,14736
1460,14738
1460,14740
1459,14742
1460,14744
1460,14746
1460,14748
1460,14750
1460,14752
1460,14754
1460,14756
1460,14758
1460,14759
1460,14761
1460,14763
1460,14765
1460,14767
1460,14769
1460,14771
1460,14773
1460,14775
1460,14777
1460,14778
1460,14780
1460,14782
1460,14784
1460,14786
1460,14788
1460,14790
1460,14791
1459,14793
1460,14795
1460,14797
1460,14799
1460,14801
1460,14803
1460,14804
1460,14806
1459,14808
1460,14810
1460,14812
1460,14814
1460,14816
1460,14817
1460,14819
1460,14821
1459,14823
1460,14825
1460,14827
1460,14829
1460,14830
1460,14832
1460,14834
1460,14836
1460,14838
1460,14840
1460,14842
1460,14843
1460,14845
1460,14847
1460,14849
1460,14851
1460,14853
1460,14854
1460,14856
1460,14858
1460,14860
1460,14862
1460,14863
1460,14865
1460,14867
1460,14869
1460,14870
1460,14872
1460,14874
1460,14875
1460,14877
1460,14879
1460,14881
1459,14882
1460,14884
1460,14886
1460,14887
1460,14889
1460,14891
1460,14892
1460,14894
1460,14896
1460,14897
1460,14899
1460,14901
1460,14903
1460,14904
1460,14906
1460,14908
1460,14909
1460,14911
1457,14912
1460,14914
1509,14914
1460,14915
1460,14917
1460,14918
1460,14919
1460,14923
1460,14924
1460,14926
1460,14927
1460,14928
1460,14930
1459,14931
1460,14932
1460,14934
1460,14935
1460,14936
1460,14938
1460,14939
1460,14941
1460,14942
1460,14943
1460,14945
1460,14946
1460,14947
1460,14949
1460,14950
1460,14951
1460,14953
1460,14954
1460,14955
1460,14957
1460,14958
1460,14960
1460,14963
1460,14965
1460,14967
1460,14969
1460,14972
1460,14974
1460,14976
1460,14979
1460,14981
1460,14983
1460,14985
1460,14988
1460,14990
1460,14992
1460,14994
1460,14996
1460,14998
1460,15000
1460,15002
1460,15004
1460,15006
1460,15008
1460,15010
1460,15011
1460,15013
1460,15014
1459,15016
1460,15017
1460,15019
1460,15020
1460,15021
1460,15023
1460,15024
1460,15026
1460,15027
1460,15028
1460,15030
1460,15031
1460,15033
1460,15034
1460,15035
1460,15037
1460,15038
1460,15040
1460,15041
1460,15043
1460,15044
1460,15045
1460,15047
1460,15048
1460,15050
1460,15051
1460,15052
1460,15054
1460,15055
1460,15057
1460,15058
1460,15059
1460,15061
1460,15062
1460,15064
1460,15065
1460,15067
1459,15068
1460,15069
1460,15071
1460,15072
1460,15074
1460,15075
1460,15076
1460,15078
1459,15079
1460,15081
1460,15082
1460,15083
1460,15085
1460,15086
1460,15088
1460,15089
1460,15091
1460,15092
1460,15093
1460,15095
1460,15096
1460,15098
1460,15099
1460,15100
1460,15102
1459,15103
1460,15105
1460,15106
1460,15107
1460,15109
1460,15110
1459,15112
1460,15113
1460,15115
1460,15120
1460,15122
1460,15123
1460,15127
1460,15128
1460,15130
1460,15131
1460,15132
1460,15136
1460,15137
1460,15139
1460,15140
1460,15142
1460,15143
1460,15144
1460,15146
1460,15147
1460,15149
1460,15150
1460,15151
1460,15153
1460,15154
1460,15156
1460,15157
1460,15158
1459,15160
1460,15161
1460,15163
1460,15164
1460,15166
1460,15167
1460,15168
1460,15170
1460,15171
1460,15173
1460,15174
1460,15175
1460,15177
1460,15178
1460,15180
1459,15181
1460,15182
1460,15184
1460,15185
1460,15187
1460,15188
1460,15190
1460,15191
1460,15192
1460,15194
1460,15195
1460,15197
1460,15198
1460,15199
1460,15201
1460,15202
1460,15204
1460,15205
1460,15207
1460,15208
1460,15209
1460,15211
1460,15212
1460,15214
1460,15215
1460,15216
1460,15221
1460,15222
1460,15224
1460,15227
1460,15228
1460,15229
1460,15233
1460,15235
1459,15236
1460,15238
1460,15239
1460,15241
1460,15242
1509,15243
1460,15243
1460,15245
1460,15246
1460,15248
1460,15249
1460,15250
1460,15252
1460,15253
1459,15255
1460,15256
1460,15257
1460,15259
1460,15260
1460,15262
1460,15263
1460,15265
1460,15266
1460,15267
1460,15269
1460,15270
1460,15272
1460,15273
1460,15274
1460,15276
1459,15277
1460,15279
1460,15280
1460,15281
1460,15283
1460,15284
1460,15286
1460,15287
1460,15289
1460,15290
1460,15291
1460,15293
1460,15294
1460,15296
1459,15297
1460,15298
1460,15300
1460,15303
1460,15304
1460,15305
1460,15309
1460,15310
1460,15311
1509,15312
1460,15313
1460,15314
1460,15315
1460,15316
1460,15317
1460,15324
1460,15325
1460,15327
1460,15330
1460,15331
1460,15333
1459,15335
1460,15336
1460,15338
1460,15339
1460,15340
1460,15341
1509,15343
1460,15344
1460,15345
1460,15346
1460,15347
1460,15348
1460,15350
1460,15351
1460,15353
1460,15354
1511,15357
1460,15359
1460,15361
1460,15363
1460,15365
1460,15367
1459,15369
1460,15371
1460,15373
1460,15374
1460,15376
1460,15378
1460,15380
1460,15382
1460,15384
1460,15386
1460,15388
1460,15390
1460,15391
1460,15393
1460,15395
1460,15397
1460,15399
1460,15400
1460,15402
1460,15403
1460,15405
1460,15406
1460,15407
1460,15409
1460,15410
1460,15412
1460,15413
1460,15414
1460,15416
1460,15417
1509,15419
1460,15419
1460,15420
1460,15422
1459,15423
1460,15424
1511,15425
1460,15426
1460,15427
1460,15429
1460,15430
1460,15431
1460,15433
1460,15434
1460,15436
1460,15437
1460,15438
1460,15440
1460,15441
1460,15443
1460,15444
1460,15446
1460,15447
1460,15448
1460,15450
1460,15451
1460,15453
1460,15454
1460,15455
1460,15457
1460,15458
1460,15460
1460,15461
1460,15462
1459,15464
1460,15465
1460,15467
1460,15468
1460,15470
1460,15471
1460,15476
1460,15477
1460,15479
1460,15482
1460,15483
1460,15485
1511,15489
1460,15490
1460,15492
1460,15493
1460,15494
1460,15496
1460,15501
1460,15502
1459,15504
1460,15505
1460,15507
1460,15508
1460,15509
1460,15511
1509,15512
1460,15512
1460,15514
1459,15515
1460,15516
1460,15518
1460,15519
1460,15521
1460,15522
1460,15523
1460,15525
1460,15526
1459,15528
1460,15529
1460,15531
1460,15532
1460,15533
1460,15535
1460,15536
1460,15538
1460,15539
1460,15540
1460,15542
1460,15543
1460,15545
1460,15546
1460,15548
1459,15549
1460,15550
1460,15552
1460,15553
1460,15555
1460,15556
1460,15557
1460,15559
1460,15560
1460,15562
1460,15563
1460,15564
1460,15566
1460,15567
1460,15569
1460,15570
1460,15572
1459,15573
1460,15574
1460,15576
1460,15577
1460,15579
1460,15580
1460,15581
1460,15584
1460,15586
1460,15587
1460,15591
1460,15592
1460,15594
1460,15598
1460,15599
1460,15601
1511,15603
1460,15605
1460,15606
1460,15607
1460,15609
1460,15610
1460,15612
1460,15613
1460,15615
1460,15616
1460,15617
1460,15619
1460,15620
1460,15622
1460,15623
1460,15624
1460,15626
1460,15627
1460,15629
1460,15630
1460,15631
1460,15633
1460,15634
1460,15636
1460,15637
1460,15639
1460,15640
1460,15642
1459,15643
1460,15644
1460,15646
1460,15647
1460,15649
1460,15650
1460,15652
1460,15653
1460,15654
1460,15656
1460,15657
1460,15659
1460,15660
1460,15661
1460,15663
1460,15664
1458,15666
1460,15667
1460,15668
1460,15670
1460,15671
1460,15673
1460,15674
1460,15676
1460,15677
1460,15678
1459,15680
1460,15681
1460,15683
1460,15684
1460,15686
1460,15687
1460,15690
1460,15691
1460,15695
1460,15696
1460,15697
1460,15703
1460,15704
1460,15705
1460,15706
1460,15707
1460,15708
1460,15711
1460,15712
1460,15714
1460,15715
1460,15716
1460,15717
1460,15718
1460,15719
1460,15720
1460,15721
1460,15723
1460,15724
1460,15725
1509,15726
1460,15726
1460,15727
1460,15728
1459,15729
1460,15730
1460,15732
1460,15733
1460,15734
1460,15735
1460,15736
1460,15738
1460,15739
1460,15741
1460,15743
1460,15745
1460,15747
1460,15749
1460,15751
1460,15753
1460,15754
1460,15756
1460,15758
1460,15760
1460,15762
1460,15764
1460,15766
1459,15768
1459,15770
1460,15771
1460,15773
1460,15775
1460,15777
1460,15779
1460,15781
1460,15783
1460,15785
1460,15786
1460,15788
1460,15789
1460,15791
1460,15792
1460,15794
1460,15795
1460,15796
1460,15798
1460,15799
1460,15801
1460,15802
1460,15803
1460,15805
1460,15806
1460,15808
1460,15809
1460,15811
1460,15812
1460,15813
1460,15815
1460,15816
1460,15818
1509,15818
1459,15819
1460,15820
1460,15822
1509,15824
1460,15826
1460,15827
1460,15828
1460,15830
1460,15831
1460,15833
1459,15834
1460,15835
1460,15837
1460,15838
1460,15840
1460,15841
1460,15842
1460,15844
1460,15845
1460,15847
1460,15848
1460,15850
1460,15851
1460,15853
1460,15854
1460,15855
1460,15857
1460,15861
1460,15862
1459,15863
1460,15867
1460,15868
1460,15870
1460,15873
1460,15874
1460,15875
1460,15877
1460,15878
1460,15880
1460,15881
1460,15882
1460,15884
1460,15887
1460,15888
1460,15891
1460,15893
1460,15894
1511,15896
1460,15896
1460,15897
1460,15898
1460,15900
1460,15901
1460,15903
1460,15904
1460,15905
1460,15907
1460,15908
1460,15910
1460,15911
1460,15913
1460,15914
1460,15915
1459,15917
1460,15918
1460,15920
1460,15921
1460,15922
1460,15924
1460,15925
1460,15927
1460,15928
1460,15930
1460,15931
1460,15932
1460,15934
1460,15935
1460,15937
1460,15938
1460,15939
1460,15941
1460,15942
1460,15944
1460,15945
1460,15946
1460,15948
1460,15949
1460,15951
1460,15952
1460,15954
1460,15955
1460,15956
1460,15958
1460,15959
1460,15961
1460,15962
1460,15963
1460,15965
1455,15966
1460,15968
1460,15969
1460,15972
1460,15973
1460,15975
1460,15978
1460,15979
1460,15981
1460,15984
1460,15986
1460,15987
1460,15993
1460,15995
1459,15996
1460,15997
1459,15999
1460,16000
1460,16002
1460,16003
1511,16005
1460,16006
1460,16008
1460,16009
1460,16011
1460,16012
1460,16013
1460,16015
1460,16016
1460,16018
1459,16019
1460,16020
1460,16022
1460,16023
1460,16025
1460,16026
1460,16028
1460,16029
1460,16030
1460,16032
1509,16033
1460,16033
1460,16035
1460,16036
1460,16037
1460,16039
1460,16040
1460,16042
1460,16043
1460,16044
1460,16046
1460,16047
1460,16049
1460,16050
1460,16052
1460,16053
1459,16054
1460,16056
1460,16057
1460,16059
1460,16060
1460,16061
1460,16063
1460,16064
1460,16066
1460,16067
1460,16069
1460,16070
1460,16071
1509,16075
1460,16077
1460,16078
1460,16080
1460,16084
1460,16085
1460,16086
1460,16087
1459,16088
1460,16089
1460,16091
1460,16092
1460,16093
1460,16094
1460,16095
1460,16096
1460,16097
1460,16098
1460,16100
1460,16101
1459,16102
1460,16106
1460,16107
1511,16108
1460,16108
1460,16110
1460,16111
1460,16112
1460,16113
1460,16114
1460,16116
1460,16117
1460,16118
1460,16122
1460,16123
1460,16125
1509,16131
1460,16133
1460,16135
1460,16136
1460,16138
1460,16140
1460,16142
1460,16144
1460,16146
1460,16148
1460,16150
1460,16152
1460,16153
1460,16155
1460,16157
1460,16159
1460,16161
1460,16163
1460,16165
1460,16167
1460,16169
1460,16171
1460,16172
1460,16174
1460,16176
1460,16178
1460,16180
1460,16182
1460,16183
1460,16185
1460,16186
1460,16188
1460,16189
1459,16190
1460,16192
1460,16193
1460,16195
1460,16196
1460,16198
1460,16199
1460,16200
1460,16202
1460,16203
1460,16205
1460,16206
1460,16207
1460,16209
1460,16210
1460,16212
1460,16213
1460,16215
1460,16216
1460,16217
1460,16219
1460,16220
1460,16222
1460,16223
1460,16225
1460,16226
1460,16227
1460,16229
1460,16230
1460,16232
1460,16233
1460,16234
1459,16236
1460,16237
1460,16239
1460,16240
1511,16240
1460,16242
1460,16243
1460,16244
1460,16247
1460,16248
1460,16250
1460,16251
1460,16254
1460,16256
1460,16257
1511,16261
1460,16262
1460,16264
1460,16265
1460,16266
1460,16268
1460,16269
1509,16273
1460,16275
1460,16276
1460,16277
1458,16279
1460,16280
1460,16282
1460,16284
1460,16286
1460,16287
1460,16289
1460,16290
1460,16292
1460,16293
1460,16294
1460,16296
1460,16298
1460,16299
1459,16301
1460,16302
1460,16304
1460,16305
1460,16306
1459,16308
1460,16309
1460,16311
1460,16312
1460,16313
1460,16315
1460,16316
1459,16318
1460,16319
1460,16321
1460,16322
1460,16323
1460,16325
1460,16326
1460,16328
1460,16329
1460,16331
1460,16332
1460,16333
1460,16335
1460,16336
1460,16338
1459,16339
1460,16340
1460,16342
1460,16343
1460,16345
1511,16345
1460,16346
1460,16348
1460,16349
1460,16350
1460,16352
1460,16353
1460,16355
1460,16356
1460,16358
1460,16359
1460,16360
1511,16361
1460,16362
1460,16363
1460,16365
1460,16366
1460,16367
1460,16369
1460,16370
1460,16372
1460,16373
1460,16375
1460,16376
1460,16377
1460,16379
1509,16379
1460,16380
1460,16382
1460,16383
1460,16385
1460,16386
1460,16387
1459,16389
1460,16390
1460,16392
1460,16393
1460,16394
1460,16396
1460,16397
1460,16399
1460,16400
1460,16402
1460,16405
1460,16406
1460,16407
1460,16409
1459,16410
1460,16412
1460,16415
1460,16417
1460,16418
1460,16424
1460,16426
1460,16427
1460,16430
1460,16432
1460,16433
1460,16434
1460,16436
1460,16437
1460,16442
1460,16443
1460,16445
1460,16447
1460,16448
1460,16450
1460,16451
1460,16453
1460,16454
1460,16455
1460,16457
1460,16458
1460,16460
1460,16461
1460,16463
1460,16464
1460,16465
1460,16467
1460,16468
1460,16470
1460,16471
1460,16473
1460,16474
1460,16475
1460,16477
1460,16478
1460,16479
1460,16480
1460,16482
1460,16483
1460,16484
1460,16485
659,16486
1388,16487
1388,16491
1388,16494
1511,16497
1388,16498
1388,16501
1388,16504
1388,16507
460,16511
1388,16514
1388,16517
1388,16521
1388,16524
1388,16527
1388,16531
1388,16534
1388,16537
1388,16541
399,16544
1388,16547
1388,16551
1388,16554
1388,16557
1388,16561
1388,16564
1388,16567
1388,16571
1388,16574
233,16577
1388,16581
1388,16584
1388,16587
1388,16591
1388,16594
1388,16597
1388,16601
1388,16604
1388,16607
576,16611
1388,16614
1388,16617
1388,16621
1388,16624
1388,16627
1388,16631
1388,16634
1388,16637
1388,16641
1094,16644
1388,16647
1388,16651
1388,16655
1388,16658
1388,16662
1388,16666
1388,16670
1388,16673
1004,16677
1388,16681
1388,16685
1388,16689
1388,16693
1388,16697
1388,16702
1388,16706
316,16710
1388,16714
1388,16718
1388,16721
1388,16725
1388,16729
1388,16733
1388,16736
1388,16740
1013,16744
1388,16747
1388,16751
1388,16755
1388,16758
1388,16762
1388,16766
1388,16770
1388,16773
868,16777
1388,16781
1388,16785
1388,16789
1388,16793
1388,16797
1388,16802
1388,16806
103,16810
1388,16814
1388,16819
1388,16824
1388,16828
1388,16833
1388,16838
59,16843
1388,16847
1388,16853
1388,16858
1388,16864
1388,16870
322,16875
1388,16881
1388,16887
1388,16894
1388,16901
1017,16907
1388,16914
1388,16925
419,16936
1388,16947
1388,16950
1388,16953
1388,16956
1388,16959
1388,16963
1388,16966
1388,16969
1388,16972
1388,16975
584,16978
1388,16981
174,16997
0,17007
1388,17014
0,17024
713,17031
1388,17047
843,17064
1388,17081
975,17097
1388,17114
0,17124
0,17126
941,17131
1388,17147
0,17157
1139,17164
0,17176
1388,17181
1233,17197
1388,17214
0,17224
1253,17231
1388,17247
0,17257
1276,17264
1388,17281
1292,17297
0,17308
1388,17314
0,17324
1388,17325
42,17336
1388,17347
1388,17358
17,17370
0,17380
1388,17381
0,17391
1388,17392
114,17403
1388,17414
1388,17425
367,17436
1388,17447
1388,17458
0,17468
115,17470
1388,17481
1388,17492
272,17503
1388,17514
1388,17525
179,17536
0,17546
1388,17547
0,17557
1388,17558
329,17570
0,17580
0,17580
1388,17581
1388,17592
468,17603
1388,17614
1388,17625
0,17635
342,17636
1388,17647
1388,17658
275,17670
1388,17681
1388,17692
739,17703
1388,17714
1388,17725
474,17736
0,17746
1388,17747
0,17757
1388,17758
546,17770
1388,17781
1388,17792
646,17803
1388,17814
1388,17825
700,17836
0,17846
1388,17847
1388,17858
603,17870
1388,17881
1388,17892
857,17903
0,17913
1388,17914
1388,17925
763,17936
0,17946
1388,17947
0,17957
1388,17958
902,17970
0,17980
1388,17981
1388,17992
935,18003
1388,18014
1388,18025
1224,18036
1388,18047
1388,18056
1388,18064
57,18072
1388,18081
1388,18092
978,18103
0,18113
1388,18114
0,18124
1388,18125
1215,18136
1388,18147
1388,18158
1281,18170
1388,18181
1388,18189
1388,18197
61,18206
1388,18214
1388,18225
1317,18236
0,18246
1388,18247
0,18257
1388,18258
0,18268
1361,18270
1388,18281
1388,18292
921,18303
0,18313
1388,18314
1388,18325
1196,18336
0,18346
1388,18347
0,18357
1388,18358
1180,18370
0,18380
1388,18381
1388,18392
1169,18403
1388,18414
1388,18425
0,18435
925,18436
1388,18447
1388,18458
1345,18470
0,18480
1388,18481
1388,18492
1355,18503
1388,18514
1388,18525
0,18535
979,18536
1388,18547
1388,18558
753,18570
1388,18581
1388,18592
0,18602
899,18603
1388,18614
1388,18625
0,18635
841,18636
0,18646
1388,18647
1388,18658
0,18668
929,18670
1388,18681
1388,18692
809,18703
1388,18714
1388,18725
1025,18736
0,18746
1388,18747
1388,18758
1217,18770
0,18780
1388,18781
0,18791
1388,18792
1088,18803
1388,18814
0,18824
1388,18825
1356,18836
1388,18847
1388,18858
0,18868
1369,18870
1388,18881
1388,18889
1388,18897
153,18906
1388,18914
1388,18922
1388,18931
335,18939
1388,18947
1388,18956
1388,18964
218,18972
1388,18981
1388,18989
1388,18997
210,19006
1388,19014
1388,19022
1388,19031
11,19039
1388,19047
1388,19056
1388,19064
411,19072
1388,19081
1388,19089
1388,19097
504,19106
1388,19114
1388,19122
1388,19131
766,19139
1388,19147
1388,19156
1388,19164
1033,19172
1388,19181
1388,19189
1388,19197
886,19206
1388,19214
1388,19222
1388,19231
700,19239
1388,19247
1388,19256
1388,19264
638,19272
1388,19281
1388,19289
1388,19297
188,19306
1388,19314
1388,19322
1388,19331
236,19339
1388,19347
0,19358
1388,19358
0,19368
1269,19370
1388,19381
1388,19392
1308,19403
1388,19414
0,19425
1388,19425
0,19435
1053,19436
1388,19447
1388,19458
1237,19470
0,19480
1388,19481
1388,19492
0,19502
1200,19503
1388,19514
1388,19525
861,19536
0,19546
1388,19547
1388,19558
732,19570
1388,19581
1388,19592
1281,19603
0,19613
1388,19614
1388,19625
1126,19636
0,19646
1388,19647
0,19657
1388,19658
1288,19670
1388,19681
1388,19692
1068,19703
0,19713
1388,19714
1388,19725
1252,19736
1388,19747
0,19757
1388,19758
1315,19770
1388,19781
1388,19792
0,19802
1280,19803
1388,19814
1388,19825
1337,19836
1388,19847
1388,19856
1388,19864
21,19872
1388,19881
1388,19889
1388,19897
353,19906
1388,19914
1388,19922
1388,19931
454,19939
1388,19947
1388,19956
1388,19964
501,19972
1388,19981
1388,19989
1388,19997
