777,1064
0,1074
962,1096
0,1106
1116,1130
1298,1163
0,1173
0,1194
1344,1196
1243,1230
817,1263
0,1292
0,1293
957,1296
967,1330
1145,1363
319,1396
0,1428
1386,1430
1386,1432
1386,1435
1386,1438
1388,1441
1388,1444
1388,1446
1388,1449
1388,1452
1388,1455
1388,1457
791,1460
1388,1463
1388,1465
1388,1467
1388,1469
1388,1471
1388,1473
1388,1476
1388,1478
1388,1480
1388,1482
1388,1484
1388,1486
1388,1488
1388,1490
1388,1492
99,1494
1388,1496
1388,1498
1388,1501
1388,1503
1388,1505
1388,1507
1388,1509
1388,1511
1388,1513
1388,1515
1388,1517
1388,1519
1388,1521
1388,1523
1388,1526
962,1528
1388,1530
1388,1532
1388,1534
1388,1536
1388,1539
1388,1541
1388,1543
1388,1545
1388,1547
1388,1550
1388,1552
1388,1554
1388,1556
1388,1559
952,1561
1388,1563
1388,1566
1388,1569
1388,1571
1388,1574
1388,1577
1388,1580
1388,1582
1388,1585
1388,1588
1388,1591
281,1594
1388,1596
998,1613
1388,1630
1388,1632
1388,1635
1388,1637
1388,1640
1388,1643
1388,1645
1388,1648
1388,1650
1388,1653
1388,1655
1388,1658
711,1660
1388,1663
1388,1664
1388,1666
1388,1667
1388,1669
1388,1670
1388,1672
1388,1673
1388,1675
1388,1676
1388,1678
1388,1679
1388,1680
1388,1682
1388,1683
1388,1685
1388,1686
1388,1688
1388,1689
1388,1691
1388,1692
1388,1693
322,1695
1388,1696
1388,1697
1388,1699
1388,1700
1388,1701
1388,1702
1388,1703
1388,1704
1460,1708
1460,1709
1460,1710
1460,1716
1460,1717
1460,1717
1460,1722
1460,1723
1460,1728
1460,1728
1460,1732
1460,1733
1460,1733
1401,1738
1460,1738
1460,1739
1460,1740
1460,1741
1460,1742
1460,1743
1460,1744
1460,1746
1460,1747
1460,1748
1460,1751
1460,1752
1460,1752
1460,1755
1460,1756
1460,1757
1460,1760
1460,1760
1460,1763
1460,1764
1460,1764
1460,1766
1460,1767
1460,1772
1460,1773
1460,1773
1460,1780
1459,1781
1460,1781
1460,1786
1460,1786
1460,1792
1460,1792
1460,1793
1460,1797
1460,1797
1460,1798
1460,1802
1460,1803
1460,1804
1460,1805
1460,1806
1460,1807
1460,1810
1460,1810
1460,1811
1460,1814
1460,1815
1460,1815
1460,1816
1460,1816
1460,1820
1460,1821
1460,1821
1459,1826
1460,1827
1460,1828
1460,1830
1460,1831
1460,1831
1473,1837
1460,1837
1460,1838
1460,1838
1460,1839
1460,1839
1460,1844
1460,1844
1460,1854
1475,1855
1460,1860
1460,1861
1460,1861
1460,1866
1460,1866
1460,1867
1460,1869
1456,1869
1460,1870
1460,1873
1460,1873
1460,1874
1460,1877
1460,1878
1460,1878
1460,1879
1459,1880
1460,1884
1460,1884
1460,1885
1473,1890
1460,1891
1460,1891
1473,1895
1460,1895
1460,1896
1460,1896
1460,1897
1488,1902
1460,1902
1460,1903
1460,1903
1460,1904
1460,1907
1460,1908
1460,1908
1460,1918
1460,1918
1460,1919
1460,1919
1455,1924
1460,1925
1460,1925
1460,1930
1460,1931
1460,1931
1460,1933
1460,1934
1460,1934
1460,1937
1460,1938
1460,1938
1460,1942
1460,1942
1460,1943
1460,1947
1460,1947
1460,1948
1460,1953
1460,1954
1460,1954
1460,1957
1460,1957
1460,1959
1460,1959
1459,1960
1460,1965
1460,1965
1460,1966
1460,1966
1460,1967
1460,1968
1460,1971
1460,1971
1460,1972
1460,1981
1460,1982
1460,1982
1460,1988
1460,1988
1460,1989
1460,1993
1460,1994
1460,1994
1460,2000
1460,2001
1460,2002
1459,2002
1460,2003
1460,2003
1460,2005
1460,2005
1460,2006
1459,2010
1460,2011
1460,2011
1460,2012
43,2013
1475,2028
1118,2030
848,2063
1477,2074
696,2096
0,2113
0,2114
977,2130
0,2147
0,2149
947,2163
0,2186
902,2196
856,2230
0,2246
1271,2263
0,2273
1345,2296
1388,2330
85,2346
1388,2363
208,2380
0,2395
1388,2396
0,2406
44,2413
1388,2430
192,2446
0,2461
1388,2463
0,2479
158,2480
0,2490
1388,2496
272,2513
1388,2530
0,2540
141,2546
0,2563
0,2563
1388,2563
506,2580
1388,2596
535,2613
0,2623
1388,2630
505,2646
1388,2663
0,2673
577,2680
0,2696
1388,2696
0,2706
571,2718
1388,2730
765,2746
0,2756
1388,2763
0,2779
737,2780
0,2790
1388,2806
886,2813
1460,2853
841,2854
1460,2894
879,2896
1388,2906
811,2916
1460,2969
1460,2970
1147,2972
1269,2982
0,2992
1460,3035
1460,3037
1201,3038
1388,3048
117,3058
1460,3080
1380,3090
1388,3101
1460,3136
1460,3146
1459,3156
1460,3210
1460,3211
1460,3221
1460,3231
1460,3255
1460,3265
1460,3319
1452,3329
1460,3339
1460,3387
1460,3397
1460,3407
1459,3470
1460,3480
1460,3490
1460,3554
1460,3571
1460,3587
1460,3631
1460,3644
1460,3654
1460,3717
1460,3727
1460,3737
1460,3800
1460,3823
1460,3845
1460,3873
1460,3885
1460,3898
1460,3908
1460,3961
1460,3971
1460,3981
1460,4044
1460,4054
1460,4064
1460,4118
1460,4131
1460,4148
1460,4206
1460,4216
1460,4226
1460,4289
1460,4299
1460,4309
1460,4372
1460,4392
1460,4412
1460,4445
1460,4465
1459,4500
1460,4510
1460,4520
1460,4583
1460,4593
1460,4603
1460,4666
1460,4686
1460,4705
1460,4739
1460,4759
1460,4794
1460,4804
1459,4814
1460,4877
1460,4887
1460,4897
1460,4960
1460,4985
1460,5009
1460,5033
1460,5043
1460,5097
1460,5107
1460,5117
1460,5180
1460,5190
1460,5200
1460,5264
1460,5278
1460,5293
1460,5337
1460,5350
1460,5381
1460,5391
1460,5401
1460,5464
1460,5474
1460,5484
1460,5547
1460,5566
1460,5584
1460,5625
1459,5639
1460,5649
1460,5712
1460,5722
1460,5732
1460,5810
1460,5829
1459,5892
1483,5899
1460,5909
1460,5919
1460,5937
1460,5972
1460,6007
1460,6017
1460,6027
1460,6090
1460,6100
1460,6110
1460,6160
1460,6188
1460,6198
1460,6208
1460,6271
1460,6281
1460,6291
1460,6344
1460,6360
1460,6374
1460,6389
1460,6433
1460,6463
1460,6473
1460,6483
1460,6531
1460,6541
1460,6562
1460,6604
1460,6620
1460,6650
1460,6660
1460,6670
1460,6733
1460,6743
1459,6753
1460,6807
1460,6819
1460,6829
1460,6841
1460,6892
1460,6908
1460,6929
1460,6981
1460,6991
1460,7001
1460,7064
1460,7074
1460,7084
1460,7147
1460,7167
1460,7186
1460,7235
1460,7251
1460,7275
1460,7285
1460,7295
1460,7358
1460,7368
1460,7378
1460,7427
1460,7456
1460,7466
1460,7476
1460,7539
1460,7549
1460,7559
1460,7622
1460,7641
1460,7659
1460,7700
1455,7714
1460,7724
1460,7787
1460,7797
1460,7807
1460,7870
1460,7893
1460,7916
1460,7959
1460,7969
1460,7979
1460,8042
1460,8052
1459,8062
1460,8125
1460,8153
1460,8181
1460,8213
1460,8223
1460,8233
1460,8279
1460,8300
1460,8310
1460,8320
1460,8367
1460,8387
1460,8402
1460,8412
1460,8422
1460,8485
1460,8495
1460,8505
1487,8558
1460,8578
1460,8588
1460,8603
1459,8647
1460,8677
1460,8687
1460,8697
1460,8760
1460,8770
1460,8780
1460,8833
1460,8859
1460,8878
1460,8888
1460,8931
1460,8941
1460,8976
1460,8986
1460,8996
1460,9059
1460,9069
1460,9079
1460,9143
1459,9158
1460,9174
1460,9221
1460,9231
1460,9241
1460,9305
1460,9315
1460,9325
1460,9378
1460,9398
1460,9408
1460,9423
1460,9466
1460,9496
1460,9506
1460,9516
1460,9580
1460,9590
1459,9600
1460,9653
1460,9663
1460,9683
1460,9741
1460,9751
1460,9761
1460,9824
1460,9834
1460,9844
1460,9897
1460,9914
1460,9927
1460,9942
1460,9986
1460,10006
1460,10026
1460,10074
1460,10084
1460,10094
1460,10157
1460,10167
1459,10177
1460,10240
1460,10258
1460,10275
1460,10329
1460,10339
1460,10349
1460,10412
1460,10422
1460,10432
1460,10490
1460,10500
1460,10522
1460,10578
1460,10588
1460,10598
1460,10661
1459,10671
1460,10681
1460,10744
1460,10773
1460,10803
1460,10832
1460,10854
1459,10872
1460,10882
1460,10920
1460,10930
1460,10940
1460,11003
1460,11013
1460,11023
1460,11077
1460,11090
1460,11104
1460,11122
1460,11132
1460,11185
1460,11202
1460,11220
1459,11230
1460,11240
1460,11303
1460,11313
1460,11323
1460,11386
1460,11400
1460,11413
1460,11427
1460,11440
1460,11454
1460,11467
1459,11481
1460,11491
1460,11501
1460,11514
1460,11528
1460,11538
1460,11548
1460,11560
1460,11570
1460,11581
1460,11590
1459,11599
1460,11608
1460,11617
1460,11625
1460,11634
1460,11643
1460,11652
1460,11667
1495,11671
1460,11681
1460,11691
1460,11706
1460,11720
1460,11730
1460,11740
1460,11750
1460,11759
1460,11768
1460,11777
1460,11786
1460,11795
1460,11804
1460,11813
1460,11822
1460,11831
1495,11831
1460,11840
1460,11849
1460,11858
1460,11867
1460,11876
1460,11885
1460,11894
1460,11903
1460,11911
1460,11918
1460,11926
1460,11934
1460,11942
1460,11950
1460,11957
1460,11965
1460,11973
1460,11981
1460,11988
1460,11996
1460,12004
1460,12012
1460,12020
1460,12027
1460,12035
1460,12043
1460,12049
1460,12056
1493,12059
1460,12062
1460,12069
1460,12075
1460,12081
1460,12088
1460,12094
1460,12101
1460,12107
1460,12113
1460,12120
1459,12126
1460,12133
1460,12138
1460,12143
1460,12148
1460,12153
1460,12158
1460,12163
1460,12169
1460,12174
1460,12178
1460,12183
1460,12188
1460,12193
1460,12197
1460,12202
1460,12206
1460,12211
1460,12216
1460,12220
1460,12225
1459,12229
1460,12234
1460,12238
1460,12241
1460,12245
1460,12249
1460,12252
1460,12256
1460,12260
1460,12263
1460,12267
1460,12271
1460,12274
1460,12278
1460,12282
1460,12285
1460,12289
1460,12293
1460,12296
1460,12300
1460,12306
1460,12312
1460,12318
1459,12324
1460,12330
1460,12336
1460,12340
1460,12344
1460,12348
1460,12351
1460,12355
1460,12359
1460,12363
1460,12366
1460,12369
1460,12372
1460,12376
1460,12379
1459,12382
1460,12385
1460,12388
1460,12391
1460,12395
1460,12398
1460,12401
1460,12404
1460,12407
1460,12411
1460,12414
1460,12417
1460,12420
1452,12423
1460,12427
1460,12430
1460,12433
1460,12436
1460,12439
1460,12443
1460,12446
1460,12449
1460,12452
1460,12455
1460,12459
1460,12462
1460,12465
1460,12468
1460,12471
1460,12474
1460,12477
1460,12480
1460,12483
1460,12486
1460,12489
1460,12492
1459,12495
1460,12498
1460,12501
1460,12504
1460,12507
1460,12510
1460,12513
1460,12516
1460,12519
1460,12522
1460,12525
1460,12527
1460,12530
1460,12533
1460,12536
1460,12539
1460,12542
1460,12545
1460,12547
1460,12550
1460,12553
1460,12556
1460,12559
1460,12562
1460,12565
1460,12567
1460,12570
1459,12573
1460,12576
1460,12579
1460,12582
1460,12585
1460,12587
1460,12590
1460,12593
1460,12596
1460,12599
1460,12602
1460,12604
1460,12607
1460,12610
1460,12613
1460,12616
1460,12619
1460,12622
1460,12624
1460,12627
1460,12630
1459,12633
1460,12636
1460,12639
1460,12641
1460,12644
1460,12646
1460,12649
1460,12651
1460,12654
1460,12656
1460,12659
1460,12661
1460,12664
1460,12666
1459,12669
1460,12671
1460,12674
1460,12676
1460,12679
1460,12681
1460,12684
1460,12686
1460,12689
1460,12691
1460,12694
1460,12696
1460,12699
1460,12701
1460,12704
1460,12706
1460,12709
1459,12711
1460,12714
1460,12716
1460,12719
1460,12721
1460,12724
1460,12726
1460,12729
1460,12731
1460,12734
1460,12736
1460,12739
1460,12741
1459,12744
1460,12746
1460,12748
1460,12749
1460,12751
1460,12753
1460,12755
1460,12757
1460,12759
1460,12761
1460,12763
1460,12765
1460,12766
1460,12768
1460,12770
1460,12772
1460,12774
1460,12775
1460,12777
1460,12779
1460,12781
1459,12783
1460,12784
1460,12786
1460,12788
1460,12790
1459,12792
1460,12793
1460,12795
1460,12797
1460,12799
1460,12801
1460,12802
1460,12804
1460,12806
1460,12808
1460,12810
1460,12811
1460,12813
1460,12815
1460,12817
1460,12818
1460,12820
1460,12822
1460,12825
1460,12828
1460,12831
1460,12834
1460,12837
1460,12840
1460,12843
1460,12846
1460,12848
1460,12850
1460,12852
1460,12854
1460,12856
1460,12858
1460,12860
1460,12862
1460,12863
1460,12865
1460,12867
1460,12869
1460,12871
1460,12872
1460,12874
1460,12876
1460,12878
1460,12880
1460,12881
1460,12883
1460,12885
1460,12887
1460,12888
1460,12890
1460,12892
1459,12894
1460,12896
1460,12897
1460,12899
1460,12901
1460,12903
1460,12904
1460,12906
1460,12908
1460,12910
1460,12912
1460,12913
1460,12915
1460,12917
1460,12919
1460,12920
1460,12922
1460,12924
1460,12926
1460,12928
1460,12929
1460,12931
1460,12933
1460,12935
1460,12936
1460,12938
1460,12940
1460,12942
1460,12944
1460,12945
1460,12947
1460,12949
1460,12951
1460,12952
1460,12954
1460,12956
1460,12958
1460,12959
1460,12961
1460,12963
1459,12965
1460,12967
1460,12968
1460,12970
1460,12972
1460,12974
1460,12975
1460,12977
1460,12979
1460,12981
1493,12982
1460,12983
1460,12984
1460,12986
1460,12988
1460,12990
1460,12991
1460,12993
1460,12995
1460,12997
1460,12998
1460,13000
1458,13002
1460,13003
1459,13005
1460,13007
1460,13009
1460,13010
1460,13012
1460,13014
1493,13014
1460,13015
1460,13017
1460,13019
1460,13020
1460,13022
1460,13024
1460,13026
1460,13027
1460,13029
1460,13031
1460,13032
1460,13034
1460,13036
1460,13037
1460,13039
1459,13041
1460,13043
1460,13044
1460,13046
1460,13048
1460,13049
1460,13051
1460,13053
1460,13054
1460,13056
1460,13058
1460,13059
1460,13061
1460,13063
1460,13065
1460,13066
1460,13068
1460,13070
1495,13070
1460,13071
1460,13073
1460,13075
1460,13076
1460,13078
1460,13079
1460,13081
1460,13083
1460,13084
1460,13086
1460,13088
1459,13089
1460,13091
1460,13093
1460,13094
1460,13096
1460,13097
1460,13099
1460,13101
1460,13102
1460,13104
1460,13106
1456,13107
1460,13109
1460,13111
1460,13112
1460,13114
1460,13115
1460,13117
1460,13119
1460,13120
1460,13122
1460,13124
1460,13125
1460,13127
1460,13129
1460,13130
1460,13132
1460,13133
1460,13135
1460,13136
1460,13138
1459,13139
1460,13141
1460,13142
1460,13144
1460,13145
1460,13147
1459,13149
1460,13150
1460,13152
1460,13153
1460,13155
1460,13156
1460,13158
1460,13159
1460,13161
1460,13162
1460,13164
1460,13166
1460,13167
1460,13169
1460,13170
1460,13172
1460,13173
1460,13175
1460,13176
1460,13178
1460,13179
1460,13181
1460,13182
1460,13184
1460,13186
1460,13187
1460,13189
1460,13190
1460,13192
1460,13193
1460,13195
1460,13196
1460,13198
1460,13199
1460,13201
1460,13203
1460,13204
1460,13206
1460,13207
1460,13209
1460,13210
1460,13212
1460,13213
1460,13215
1460,13216
1460,13218
1459,13219
1460,13221
1460,13223
1460,13224
1460,13226
1460,13227
1460,13229
1460,13230
1460,13232
1460,13233
1460,13235
1460,13236
1460,13237
1460,13239
1460,13240
1460,13242
1460,13243
1460,13244
1497,13244
1460,13245
1460,13246
1460,13247
1460,13248
1460,13250
1460,13251
1460,13252
1497,13253
1459,13254
1460,13255
1460,13256
1460,13257
1460,13258
1460,13259
1460,13260
1460,13262
1460,13263
1460,13264
1459,13265
1460,13266
1460,13267
1459,13269
1460,13270
1460,13271
1460,13272
1460,13273
1460,13274
1460,13275
1459,13277
1460,13278
1497,13278
1460,13279
1460,13280
1460,13281
1460,13282
1460,13284
1460,13285
1460,13286
1460,13287
1460,13288
1459,13289
1460,13290
1460,13292
1460,13293
1459,13294
1460,13295
1460,13296
1460,13297
1460,13299
1460,13300
1460,13301
1460,13302
1460,13303
1460,13304
1460,13306
1460,13308
1460,13310
1460,13312
1460,13314
1460,13316
1460,13318
1460,13320
1460,13321
1460,13323
1460,13325
1460,13327
1460,13328
1460,13330
1460,13331
1460,13333
1460,13334
1460,13335
1460,13336
1460,13338
1460,13339
1460,13340
1460,13341
1460,13342
1460,13344
1460,13345
1460,13346
1460,13347
1460,13348
1460,13349
1460,13350
1460,13351
1460,13353
1460,13354
1460,13355
1460,13356
1460,13357
1460,13358
1460,13359
1460,13360
1460,13361
1460,13363
1460,13364
1460,13365
1460,13366
1460,13367
1460,13368
1460,13369
1460,13370
1460,13371
1460,13372
1460,13373
1460,13374
1460,13375
1460,13376
1460,13377
1460,13378
1460,13379
1460,13380
1460,13381
1459,13382
1460,13383
1460,13384
1460,13385
1460,13387
1460,13388
1460,13389
1460,13390
1460,13391
1460,13392
1460,13393
1460,13394
1460,13395
1460,13396
1460,13397
1460,13398
1460,13399
1460,13400
1460,13401
1460,13402
1460,13403
1460,13404
1460,13405
1460,13406
1460,13407
1460,13408
1460,13409
1459,13410
1460,13411
1460,13412
1460,13413
1460,13414
1460,13415
1460,13416
1460,13418
1460,13419
1460,13420
1460,13421
1460,13422
1460,13423
1460,13424
1460,13425
1460,13426
1460,13427
1460,13428
1460,13429
1459,13430
1460,13431
1460,13432
1460,13433
1460,13434
1460,13435
1460,13436
1460,13437
1460,13438
1460,13439
1460,13440
1460,13441
1460,13442
1460,13443
1460,13444
1460,13445
1460,13446
1460,13447
1460,13448
1460,13450
1460,13451
1460,13452
1459,13453
1460,13454
1503,13454
1460,13455
1460,13456
1460,13457
1460,13458
1460,13459
1460,13460
1460,13461
1460,13462
1460,13463
1460,13464
1454,13465
1460,13466
1460,13467
1460,13468
1460,13469
1460,13470
1460,13471
1460,13472
1460,13473
1460,13474
1460,13475
1460,13476
1460,13477
1460,13478
1459,13479
1460,13480
1460,13481
1460,13482
1460,13483
1460,13484
1460,13485
1460,13486
1460,13487
1460,13488
1460,13489
1460,13491
1460,13492
1460,13493
1460,13494
1460,13495
1460,13496
1460,13497
1460,13498
1460,13499
1460,13500
1460,13501
1460,13502
1460,13503
1460,13504
1460,13505
1460,13506
1460,13507
1460,13508
1460,13509
1460,13510
1460,13511
1460,13512
1459,13513
1460,13514
1460,13515
1460,13516
1460,13517
1460,13518
1460,13519
1460,13520
1460,13521
1460,13522
1460,13523
1460,13524
1460,13525
1460,13526
1460,13527
1460,13528
1459,13529
1460,13530
1460,13531
1459,13532
1460,13533
1460,13534
1460,13535
1460,13536
1460,13537
1460,13538
1460,13539
1460,13539
1460,13540
1460,13541
1460,13542
1460,13543
1460,13544
1460,13545
1460,13546
1460,13547
1460,13548
1460,13549
1460,13550
1460,13551
1460,13552
1460,13553
1460,13554
1460,13555
1460,13556
1460,13557
1460,13558
1460,13559
1460,13560
1460,13561
1460,13562
1459,13563
1460,13564
1460,13565
1460,13566
1460,13567
1460,13568
1460,13569
1460,13570
1460,13571
1459,13572
1460,13573
1460,13574
1460,13575
1460,13576
1460,13577
1460,13578
1460,13578
1460,13579
1460,13580
1460,13581
1460,13582
1460,13583
1460,13584
1459,13585
1460,13586
1460,13587
1460,13588
1460,13589
1460,13590
1460,13591
1460,13592
1460,13593
1460,13594
1460,13595
1460,13596
1460,13597
1460,13598
1460,13599
1460,13600
1460,13601
1460,13602
1460,13603
1459,13604
1460,13605
1460,13606
1460,13607
1460,13608
1460,13608
1460,13609
1460,13610
1460,13611
1460,13612
1460,13613
1460,13614
1460,13615
1460,13616
1460,13617
1460,13618
1460,13619
1460,13620
1460,13621
1460,13622
1460,13623
1460,13623
1460,13624
1460,13625
1460,13626
1460,13627
1460,13628
1460,13629
1460,13630
1460,13631
1460,13632
1460,13633
1460,13634
1460,13635
1460,13636
1460,13637
1460,13638
1460,13638
1460,13639
1460,13640
1460,13641
1460,13642
1460,13643
1460,13644
1459,13645
1459,13646
1509,13647
1460,13647
1460,13648
1460,13649
1460,13650
1460,13651
1460,13652
1460,13653
1460,13653
1460,13654
1460,13655
1460,13656
1460,13657
1460,13658
1460,13659
1460,13660
1460,13661
1460,13662
1460,13663
1460,13664
1460,13665
1460,13666
1460,13667
1460,13667
1460,13668
1460,13669
1460,13670
1460,13671
1460,13672
1460,13673
1460,13674
1460,13675
1460,13676
1460,13677
1460,13678
1460,13679
1460,13679
1460,13680
1460,13681
1460,13682
1459,13683
1460,13684
1460,13685
1460,13686
1460,13687
1460,13688
1460,13689
1460,13690
1460,13691
1460,13691
1460,13692
1460,13693
1460,13694
1460,13695
1460,13696
1460,13697
1460,13698
1460,13699
1460,13700
1460,13701
1460,13702
1460,13703
1460,13703
1460,13704
1460,13705
1460,13706
1460,13707
1460,13708
1460,13709
1460,13710
1460,13711
1460,13712
1460,13713
1460,13714
1459,13714
1460,13715
1460,13716
1460,13717
1460,13718
1460,13719
1460,13720
1460,13721
1460,13721
1460,13722
1460,13723
1460,13723
1460,13724
1511,13724
1460,13725
1460,13726
1460,13726
1460,13727
1460,13728
1460,13728
1460,13729
1460,13730
1460,13730
1460,13731
1460,13732
1460,13733
1460,13733
1460,13734
1460,13735
1460,13735
1460,13736
1460,13737
1460,13738
1460,13738
1459,13739
1460,13740
1460,13740
1460,13741
1460,13742
1460,13742
1460,13743
1460,13744
1460,13745
1460,13745
1460,13746
1460,13747
1460,13747
1460,13748
1460,13749
1460,13749
1460,13750
1460,13751
1460,13752
1460,13752
1460,13753
1460,13754
1460,13754
1460,13755
1460,13756
1460,13756
1460,13757
1460,13758
1460,13759
1459,13759
1456,13760
1460,13761
1460,13761
1460,13762
1460,13763
1460,13763
1460,13764
1460,13765
1460,13766
1460,13766
1460,13767
1459,13768
1460,13768
1460,13769
1460,13770
1460,13770
1460,13771
1509,13771
1460,13772
1460,13772
1460,13773
1460,13774
1509,13774
1460,13775
1460,13775
1460,13776
1460,13777
1460,13777
1460,13778
1460,13779
1460,13779
1459,13780
1460,13781
1460,13781
1460,13782
1460,13783
1460,13784
1460,13784
1460,13785
1460,13787
1459,13788
1460,13789
1460,13790
1460,13791
1460,13792
1460,13793
1460,13795
1460,13796
1460,13797
1460,13798
1460,13799
1460,13800
1460,13801
1460,13802
1509,13803
1460,13803
1460,13805
1460,13806
1460,13807
1460,13808
1459,13809
1460,13810
1460,13811
1460,13812
1460,13813
1460,13814
1460,13815
1460,13816
1460,13817
1460,13818
1460,13819
1460,13819
1460,13820
1460,13821
1460,13822
1460,13822
1460,13823
1460,13824
1460,13825
1460,13826
1460,13826
1460,13827
1460,13828
1459,13829
1460,13829
1460,13830
1460,13831
1460,13832
1460,13832
1460,13833
1460,13834
1460,13835
1460,13835
1460,13836
1460,13837
1460,13837
1460,13838
1460,13839
1460,13839
1460,13840
1460,13841
1460,13841
1460,13842
1460,13843
1460,13843
1460,13844
1460,13845
1460,13845
1460,13846
1460,13847
1511,13847
1460,13847
1460,13848
1460,13849
1460,13849
1454,13850
1460,13851
1460,13851
1460,13852
1460,13853
1460,13853
1460,13854
1460,13855
1460,13855
1460,13856
1460,13857
1460,13857
1460,13858
1460,13859
1460,13859
1459,13860
1460,13861
1460,13861
1460,13862
1460,13863
1460,13863
1460,13864
1460,13864
1509,13865
1460,13865
1460,13866
1460,13866
1460,13867
1460,13868
1460,13868
1460,13869
1460,13870
1460,13870
1460,13871
1460,13872
1459,13872
1460,13873
1460,13874
1460,13874
1460,13875
1459,13876
1460,13876
1460,13877
1460,13878
1460,13878
1460,13879
1460,13880
1460,13880
1460,13881
1460,13882
1460,13882
1460,13883
1460,13883
1460,13884
1460,13885
1460,13885
1460,13886
1460,13887
1460,13887
1460,13888
1460,13889
1460,13889
1460,13890
1460,13891
1460,13891
1460,13892
1460,13893
1460,13893
1460,13894
1460,13895
1460,13895
1460,13896
1460,13897
1460,13897
1460,13898
1460,13899
1460,13899
1460,13900
1460,13901
1460,13901
1460,13902
1460,13903
1459,13903
1460,13904
1460,13904
1460,13905
1460,13906
1460,13906
1460,13907
1460,13908
1460,13908
1459,13909
1460,13910
1460,13910
1460,13911
1460,13912
1460,13912
1459,13913
1460,13914
1460,13914
1460,13915
1460,13916
1460,13916
1460,13917
1460,13918
1460,13918
1460,13919
1460,13920
1460,13920
1460,13921
1460,13922
1460,13922
1460,13923
1460,13924
1460,13924
1460,13925
1460,13925
1460,13926
1460,13927
1460,13927
1460,13928
1460,13929
1460,13929
1460,13930
1460,13931
1460,13931
1460,13932
1460,13933
1460,13933
1460,13934
1460,13935
1460,13935
1460,13936
1460,13937
1460,13937
1512,13938
1460,13938
1460,13939
1460,13939
1460,13940
1460,13941
1460,13941
1460,13942
1460,13943
1460,13943
1459,13944
1460,13945
1460,13945
1460,13946
1460,13946
1460,13947
1460,13948
1460,13948
1460,13949
1460,13950
1460,13950
1460,13951
1460,13952
1460,13952
1460,13953
1460,13954
1460,13954
1460,13955
1460,13956
1460,13956
1460,13957
1460,13957
1460,13958
1460,13959
1460,13959
1460,13960
1460,13961
1460,13961
1460,13962
1460,13963
1460,13963
1460,13964
1460,13964
1460,13965
1460,13966
1460,13966
1460,13967
1460,13968
1460,13968
1460,13969
1460,13969
1460,13970
1459,13971
1460,13971
1460,13972
1460,13973
1460,13973
1460,13974
1458,13974
1460,13975
1460,13976
1460,13976
1460,13977
1460,13978
1460,13978
1460,13979
1460,13979
1460,13980
1460,13981
1460,13981
1460,13982
1513,13982
1460,13983
1460,13983
1460,13984
1460,13985
1460,13985
1460,13986
1460,13986
1513,13987
1460,13987
1460,13988
1460,13988
1460,13989
1459,13990
1460,13990
1460,13991
1460,13991
1460,13992
1460,13993
1460,13993
1460,13994
1460,13995
1460,13995
1460,13996
1460,13996
1460,13997
1460,13998
1460,13998
1460,13999
1513,13999
1460,14000
1460,14000
1460,14001
1460,14001
1460,14002
1460,14003
1460,14003
1460,14004
1460,14005
1460,14005
1460,14006
1460,14006
1460,14007
1460,14008
1460,14008
1460,14009
1460,14010
1460,14010
1460,14011
1460,14012
1460,14012
1460,14013
1460,14013
1460,14014
1460,14015
1460,14015
1460,14016
1460,14017
1460,14017
1460,14018
1460,14018
1460,14019
1460,14020
1460,14020
1460,14021
1460,14022
1460,14022
1460,14023
1459,14023
1513,14024
1460,14024
1460,14025
1460,14025
1460,14026
1460,14027
1460,14027
1460,14028
1460,14028
1513,14029
1460,14029
1460,14030
1460,14030
1513,14031
1460,14031
1460,14032
1460,14032
1460,14033
1460,14034
1460,14034
1460,14035
1460,14035
1460,14036
1460,14037
1460,14037
1460,14038
1460,14039
1460,14039
1460,14040
1460,14040
1460,14041
1460,14042
1460,14042
1460,14043
1460,14044
1460,14044
1460,14045
1460,14045
1460,14046
1460,14047
1460,14047
1460,14048
1459,14049
1460,14049
1460,14050
1460,14050
1460,14051
1460,14052
1460,14052
1460,14053
1460,14054
1460,14054
1460,14055
1460,14055
1460,14056
1460,14057
1460,14057
1460,14058
1460,14058
1460,14059
1460,14060
1460,14060
1460,14061
1460,14061
1460,14062
1460,14063
1460,14063
1460,14064
1460,14065
1460,14065
1460,14066
1460,14066
1460,14067
1460,14067
1460,14068
1460,14069
1460,14069
1460,14070
1460,14070
1460,14071
1460,14072
1460,14072
1460,14073
1460,14073
1460,14074
1460,14075
1460,14075
1460,14076
1460,14076
1460,14077
1460,14078
1460,14078
1460,14079
1460,14079
1460,14080
1460,14081
1460,14081
1459,14082
1460,14082
1460,14083
1459,14083
1460,14084
1460,14085
1460,14085
1460,14086
1460,14086
1460,14087
1460,14088
1460,14088
1460,14089
1460,14089
1460,14090
1460,14091
1460,14091
1460,14092
1460,14092
1460,14093
1459,14093
1460,14094
1460,14095
1460,14095
1460,14096
1460,14096
1460,14097
1460,14097
1517,14098
1460,14098
1460,14099
1460,14099
1460,14100
1460,14100
1460,14101
1460,14101
1460,14102
1460,14103
1460,14103
1460,14104
1460,14104
1460,14105
1460,14105
1460,14106
1519,14106
1460,14106
1459,14107
1460,14108
1460,14108
1460,14109
1458,14109
1460,14110
1460,14110
1460,14111
1460,14112
1460,14112
1460,14113
1460,14113
1460,14114
1460,14114
1460,14115
1459,14115
1460,14116
1460,14117
1460,14117
1460,14118
1460,14118
1460,14119
1460,14119
1460,14120
1460,14120
1460,14121
1460,14122
1460,14122
1460,14123
1460,14123
1460,14124
1460,14124
1460,14125
1460,14126
1460,14126
1460,14127
1460,14127
1460,14128
1460,14128
1460,14129
1460,14129
1460,14130
1460,14131
1460,14131
1460,14132
1460,14132
1460,14133
1460,14133
1460,14134
1460,14135
1460,14135
1460,14136
1460,14136
1460,14137
1460,14137
1460,14138
1460,14138
1460,14139
1460,14140
1460,14140
1460,14141
1460,14141
1460,14142
1460,14142
1460,14143
1460,14143
1460,14144
1460,14145
1459,14145
1460,14146
1460,14146
1460,14147
1460,14147
1460,14148
1460,14149
1459,14149
1460,14150
1460,14150
1460,14151
1460,14151
1460,14152
1460,14152
1460,14153
1460,14154
1460,14154
1460,14155
1460,14155
1460,14156
1460,14156
1460,14157
1460,14157
1460,14158
1459,14159
1460,14159
1460,14160
1460,14160
1460,14161
1460,14161
1460,14162
1460,14163
1460,14163
1460,14164
1460,14164
1460,14165
1460,14165
1460,14166
1460,14166
1460,14167
1460,14168
1460,14168
1460,14169
1459,14169
1460,14170
1460,14170
1460,14171
1460,14172
1460,14172
1460,14173
1460,14173
1460,14174
1460,14174
1459,14175
1460,14175
1460,14176
1460,14176
1460,14177
1460,14178
1460,14178
1460,14179
1517,14179
1460,14179
1460,14180
1460,14180
1460,14181
1460,14181
1460,14182
1460,14182
1460,14183
1460,14184
457,14184
3038,14184
1388,14185
1388,14187
1388,14189
1388,14192
883,14194
1388,14196
1388,14199
1388,14201
1388,14203
1523,14206
1388,14206
1521,14207
1388,14208
1388,14211
1388,14213
1388,14215
1521,14216
1388,14218
1388,14220
1388,14223
1388,14225
975,14227
1388,14230
1388,14232
1388,14234
1388,14237
1388,14239
1388,14242
1388,14244
1388,14246
1388,14249
1388,14251
1388,14253
1388,14256
1388,14258
943,14261
1388,14263
1388,14265
1388,14268
1388,14270
1388,14273
1388,14275
1388,14277
1388,14280
1388,14282
1388,14284
1388,14287
1388,14289
1388,14292
1309,14294
1388,14296
1388,14299
1388,14301
1388,14303
1388,14306
1388,14308
1388,14311
1388,14313
1388,14315
1388,14318
1388,14320
1388,14323
1388,14325
1355,14327
1388,14330
1388,14332
1388,14334
1388,14337
1388,14339
1388,14342
1449,14343
1388,14344
1388,14346
1388,14349
1388,14351
1388,14353
1388,14356
1388,14358
1291,14361
1388,14363
1388,14365
1388,14368
1388,14370
1388,14373
1388,14375
1388,14377
1388,14380
1388,14382
1388,14384
1388,14387
1388,14389
1388,14392
1225,14394
1388,14396
1388,14399
1388,14401
1388,14403
1388,14406
1388,14408
1388,14411
1388,14413
1388,14415
1388,14418
1388,14420
1388,14423
1388,14425
999,14427
1388,14430
1388,14432
1388,14434
1388,14437
1388,14439
1388,14442
1388,14444
1388,14446
1388,14449
1388,14451
1388,14453
1388,14456
1388,14458
1250,14461
1388,14463
1388,14465
1388,14468
1388,14470
1388,14473
1388,14475
1388,14477
1388,14480
1388,14482
1388,14484
1388,14487
1388,14489
1388,14492
242,14494
1388,14496
1388,14499
1388,14501
1388,14503
1388,14506
1388,14508
1388,14511
1388,14513
1388,14515
1388,14518
1388,14520
1388,14523
1388,14525
252,14527
1388,14530
1388,14532
1388,14534
1388,14537
1388,14539
1388,14542
1388,14544
1388,14546
1388,14549
1388,14551
1388,14553
1388,14556
1388,14558
1200,14561
1388,14563
1388,14565
1388,14567
1388,14570
1388,14572
1388,14574
1388,14576
1388,14579
1451,14579
1388,14581
1388,14583
1388,14586
1388,14587
1388,14590
1388,14592
487,14594
1388,14596
1388,14599
1388,14601
1388,14603
1388,14605
1388,14607
1388,14610
1388,14612
1388,14614
1388,14616
1388,14619
1388,14621
1388,14623
1388,14625
585,14627
1388,14630
1388,14632
1388,14634
1388,14637
1388,14639
1388,14642
1388,14644
1388,14646
1388,14649
1388,14651
1388,14653
1388,14656
1388,14658
980,14661
1388,14663
1388,14665
1388,14668
1388,14670
1388,14673
1388,14675
1388,14677
1388,14680
1455,14682
1388,14682
1388,14684
1388,14687
1388,14689
1388,14692
1085,14694
1388,14696
1388,14699
1388,14701
1388,14703
1388,14706
1388,14708
1388,14711
1388,14713
1388,14715
1388,14718
1388,14720
1388,14723
1453,14724
1388,14725
1375,14727
1388,14730
1388,14732
1388,14734
1388,14737
1388,14739
1388,14742
1388,14744
1388,14746
1388,14749
1388,14751
1388,14753
1388,14756
1388,14758
814,14761
1388,14763
1388,14765
1388,14768
1388,14770
1388,14773
1388,14775
1388,14777
1388,14780
1388,14782
1388,14784
1388,14787
1388,14789
1388,14792
570,14794
1388,14796
1388,14799
1388,14801
1388,14803
1388,14806
1388,14808
1388,14811
1388,14813
1388,14815
1388,14818
1388,14820
1388,14823
1388,14825
868,14827
1388,14830
1388,14832
1388,14834
1388,14837
1388,14839
1388,14842
1388,14844
1388,14846
1388,14849
1388,14851
1388,14853
1388,14856
1388,14858
184,14861
1388,14863
1388,14866
1388,14868
1388,14871
1388,14873
1388,14876
1388,14878
1388,14881
1388,14884
1388,14886
1388,14889
1388,14891
587,14894
1388,14896
1388,14899
1388,14901
1388,14904
1388,14907
1388,14909
1388,14912
1388,14914
1388,14917
1388,14919
1388,14922
1388,14925
496,14927
1388,14930
1388,14932
1388,14935
1388,14937
1388,14940
1388,14943
1388,14945
1388,14948
1388,14950
1388,14953
1388,14955
1388,14958
240,14960
1388,14963
1388,14966
1388,14969
1388,14971
1388,14974
1388,14977
1388,14980
1388,14982
1388,14985
1388,14988
1388,14991
1222,14994
1388,14996
1388,14999
1388,15001
1388,15004
1388,15007
1388,15009
1388,15012
1388,15014
1388,15017
1388,15019
1388,15022
1388,15025
289,15027
1388,15030
1388,15032
1388,15035
1388,15037
1388,15040
1388,15043
1388,15045
1388,15048
1388,15050
1388,15053
1388,15055
1388,15058
38,15060
1388,15063
1388,15066
1388,15068
1388,15071
1388,15073
1388,15076
1388,15078
1388,15081
1388,15084
1388,15086
1388,15089
1388,15091
570,15094
1388,15096
1388,15099
1388,15101
1388,15104
1388,15107
1388,15109
1388,15112
1388,15114
1388,15117
1388,15119
1388,15122
1388,15125
99,15127
1388,15130
1388,15132
1388,15135
1388,15138
1388,15141
1388,15144
1388,15146
1388,15149
1388,15152
1388,15155
1388,15157
577,15160
1388,15163
1388,15166
1388,15169
1388,15171
1388,15174
1388,15177
1388,15180
1388,15182
1388,15185
1388,15188
1388,15191
1356,15194
1388,15196
1388,15199
1388,15202
1388,15205
1388,15207
1388,15210
1388,15213
1388,15216
1388,15219
1388,15221
1388,15224
1246,15227
1388,15230
1388,15232
1388,15235
1388,15237
1388,15240
1388,15243
1388,15245
1388,15248
1388,15250
1388,15253
1388,15255
1388,15258
186,15260
1388,15263
1388,15266
1388,15269
1388,15271
1388,15274
1388,15277
1388,15280
1388,15282
1388,15285
1388,15288
1388,15291
1030,15294
1388,15296
1388,15299
1388,15302
1388,15305
1388,15307
1388,15310
1388,15313
1388,15316
1388,15319
1388,15321
1388,15324
895,15327
1388,15330
1388,15333
1388,15336
1388,15339
1388,15342
1388,15345
1388,15348
1388,15351
1388,15354
1388,15357
1260,15360
1388,15363
1388,15366
1388,15369
1388,15372
1388,15375
1388,15378
1388,15381
1388,15384
1388,15387
1388,15390
571,15393
1388,15396
1388,15399
1388,15402
1388,15405
1388,15408
1388,15412
1388,15415
1388,15418
1388,15421
1388,15424
442,15427
1388,15430
1388,15433
1388,15436
1388,15439
1388,15442
1388,15445
1388,15448
1388,15451
1388,15454
1388,15457
888,15460
1388,15463
1388,15466
1388,15469
1388,15471
1388,15474
1388,15477
1388,15480
1388,15482
1388,15485
1388,15488
1388,15491
94,15494
1388,15496
1388,15499
1388,15502
1388,15505
1388,15507
1388,15510
1388,15513
1388,15516
1388,15519
1388,15521
1388,15524
849,15527
1388,15530
1388,15532
1388,15535
1388,15537
1388,15540
1388,15543
1388,15545
1388,15548
1388,15550
1388,15553
1388,15555
1388,15558
54,15560
1388,15563
1388,15566
1388,15568
1388,15571
1388,15573
1388,15576
1388,15578
1388,15581
1388,15584
1388,15586
1388,15589
1388,15591
173,15594
1388,15596
1388,15599
1388,15601
1388,15604
1388,15607
1388,15609
1388,15612
1388,15614
1453,15616
1388,15617
1388,15619
1388,15622
1388,15625
62,15627
1388,15630
1388,15632
1388,15635
1388,15638
1388,15641
1388,15644
1388,15646
1388,15649
1388,15652
1388,15655
1388,15657
1194,15660
1388,15663
1388,15666
1388,15669
1388,15671
1388,15674
1388,15677
1388,15680
1388,15682
1388,15685
1388,15688
1388,15691
782,15694
1388,15696
1388,15699
1388,15702
1388,15705
1388,15708
1388,15712
1388,15715
1388,15718
1388,15721
1388,15724
1455,15726
1285,15727
1388,15730
1388,15732
1388,15735
1388,15738
1388,15741
1388,15744
1388,15746
1388,15749
1388,15752
1388,15755
1388,15757
221,15760
1388,15763
1388,15766
1388,15768
1388,15771
1388,15773
1388,15776
1388,15778
1388,15781
1388,15784
1388,15786
1388,15789
1388,15791
55,15794
1388,15796
1388,15799
1388,15801
1388,15804
1388,15807
1388,15809
1388,15812
1388,15814
1388,15817
1388,15819
1388,15822
1388,15825
84,15827
1388,15830
1388,15832
1388,15835
1388,15838
1388,15841
1388,15844
1388,15846
1388,15849
1388,15852
1388,15855
1388,15857
1381,15860
1388,15863
1388,15866
1388,15869
1388,15871
1388,15874
1388,15877
1388,15880
1388,15882
1388,15885
1388,15888
1388,15891
767,15894
1388,15896
1388,15899
1388,15902
1388,15905
1388,15907
1388,15910
1388,15913
1388,15916
1388,15919
1388,15921
1388,15924
1261,15927
1388,15930
1388,15932
1388,15935
1388,15938
1388,15941
1388,15944
1388,15946
1388,15949
1388,15952
1388,15955
1388,15957
175,15960
1388,15963
1388,15966
1388,15969
1388,15972
1388,15975
1388,15978
1463,15979
1388,15981
1388,15984
1388,15987
1388,15990
1342,15993
1388,15996
1388,15999
1388,16002
1388,16005
1388,16007
1388,16010
1388,16013
1388,16016
1388,16019
1467,16021
1388,16021
1388,16024
858,16027
1388,16030
1388,16032
1388,16035
1388,16038
1388,16041
1388,16044
1388,16046
1388,16049
1388,16052
1388,16055
1388,16057
332,16060
1388,16063
1388,16066
1388,16069
1388,16071
1388,16074
1388,16077
1388,16080
1388,16082
1388,16085
1388,16088
1388,16091
413,16094
1388,16096
1388,16099
1388,16102
1388,16105
1388,16107
1388,16110
1388,16113
1388,16116
1388,16119
1388,16121
1388,16124
1020,16127
1388,16130
1388,16132
1388,16135
1388,16138
1388,16141
1388,16144
1388,16146
1388,16149
1388,16152
1388,16155
1467,16157
1388,16157
294,16160
1388,16163
1388,16166
1388,16169
1388,16172
1388,16175
1388,16178
1388,16181
1388,16184
1388,16187
1388,16190
698,16193
1388,16196
1388,16200
1388,16203
1388,16206
1388,16210
1388,16213
1388,16216
1388,16220
1388,16223
1382,16226
1388,16230
1388,16233
1388,16237
1388,16241
1388,16245
1388,16248
1388,16252
1388,16256
1252,16259
1388,16263
1388,16267
1388,16270
1388,16274
1388,16278
1388,16282
1388,16285
1388,16289
877,16293
1388,16296
1388,16300
1388,16304
1388,16307
1388,16311
1388,16315
1388,16319
1388,16322
1006,16326
1388,16330
1388,16333
1388,16337
1388,16341
1388,16345
1388,16348
1388,16352
1388,16356
892,16359
1388,16363
1388,16367
1388,16370
1388,16374
1388,16378
1388,16382
1388,16385
1388,16389
165,16393
1388,16396
1388,16400
1388,16404
1388,16407
1388,16411
1388,16415
1388,16419
1388,16422
634,16426
1388,16430
1388,16433
1465,16434
1388,16437
1388,16441
1388,16445
1388,16448
1388,16452
1388,16456
143,16459
1388,16463
1388,16466
1388,16470
1388,16473
1388,16476
1467,16478
1388,16480
1388,16483
1388,16486
1388,16490
726,16493
1388,16496
1388,16500
1388,16503
1388,16506
1388,16510
1467,16511
1388,16513
1388,16516
1388,16520
1388,16523
460,16526
1388,16530
1388,16533
1388,16536
1388,16540
1388,16543
1388,16546
1388,16550
1388,16553
1388,16556
399,16560
1388,16563
1388,16566
1388,16570
1388,16573
1388,16576
1388,16580
1388,16583
1388,16586
1388,16590
233,16593
1388,16596
1388,16600
1388,16603
1388,16606
1388,16610
1388,16613
1388,16616
1388,16620
1388,16623
576,16626
1388,16630
1388,16633
1388,16636
1388,16640
1388,16643
1388,16646
1388,16650
1388,16653
1388,16656
1094,16660
1388,16663
1388,16667
1388,16670
1388,16674
1388,16678
1388,16682
1388,16685
1388,16689
1004,16693
1388,16696
1388,16701
1388,16705
1388,16709
1388,16713
1388,16717
1388,16721
316,16726
1388,16730
1388,16733
1388,16737
1388,16741
1388,16745
1388,16748
1388,16752
1388,16756
1013,16759
1388,16763
1388,16767
1388,16770
1388,16774
1388,16778
1388,16782
1388,16785
1388,16789
868,16793
1388,16796
1388,16801
1388,16805
1388,16809
1388,16813
1388,16817
1388,16821
103,16826
1388,16830
1388,16834
1388,16839
1388,16844
1388,16849
1388,16853
59,16858
1388,16863
1388,16869
1388,16874
1388,16880
1388,16885
322,16891
1388,16896
1388,16903
1388,16910
1388,16916
1017,16923
1388,16930
1388,16941
0,16951
419,16952
1388,16963
1388,16966
1388,16969
1388,16972
1388,16975
1388,16978
1388,16981
1388,16984
1388,16987
1388,16990
584,16993
1388,16996
174,17013
1388,17030
713,17046
1388,17063
843,17080
0,17090
0,17090
1388,17096
975,17113
1388,17130
941,17146
1388,17163
1139,17180
0,17195
1388,17196
1233,17213
1388,17230
1253,17246
0,17261
1388,17263
0,17273
1276,17280
1388,17296
1292,17313
0,17328
1388,17330
1388,17341
0,17351
42,17352
1388,17363
1388,17374
17,17385
1388,17396
0,17406
1388,17407
114,17419
1388,17430
1388,17441
367,17452
0,17462
1388,17463
1388,17474
0,17484
115,17485
1388,17496
1388,17507
272,17519
1388,17530
1388,17541
179,17552
1388,17563
1388,17574
0,17584
329,17585
1388,17596
1388,17607
468,17619
1388,17630
1388,17641
342,17652
1388,17663
1388,17674
0,17684
275,17685
0,17695
1388,17696
1388,17707
739,17719
1388,17730
1388,17741
0,17751
474,17752
1388,17763
1388,17774
546,17785
0,17795
1388,17796
1388,17807
646,17819
1388,17830
1388,17841
700,17852
0,17862
1388,17863
1388,17874
603,17885
1388,17896
1388,17907
0,17917
857,17919
1388,17930
1388,17941
763,17952
1388,17963
1388,17974
902,17985
1388,17996
1388,18007
0,18017
935,18019
1388,18030
1388,18041
1224,18052
1388,18063
1388,18071
1388,18080
57,18088
1388,18096
1388,18107
978,18119
0,18129
1388,18130
0,18140
1388,18141
1215,18152
1388,18163
1388,18174
0,18184
1281,18185
1388,18196
1388,18205
1388,18213
61,18221
1388,18230
1388,18241
1317,18252
1388,18263
0,18273
1388,18274
0,18284
1361,18285
1388,18296
1388,18307
921,18319
0,18329
1388,18330
1388,18341
1196,18352
1388,18363
1388,18374
1180,18385
0,18395
1388,18396
1388,18407
1169,18419
1388,18430
1388,18441
0,18451
925,18452
1388,18463
0,18473
1388,18474
1345,18485
1388,18496
1388,18507
0,18517
1355,18519
1388,18530
1388,18541
979,18552
0,18562
1388,18563
0,18573
1388,18574
753,18585
0,18595
1388,18596
1388,18607
899,18619
1388,18630
1388,18641
841,18652
1388,18663
1388,18674
929,18685
1388,18696
0,18706
1388,18707
0,18717
809,18719
1388,18730
1388,18741
1025,18752
1388,18763
0,18773
1388,18774
1217,18785
1388,18796
0,18806
1388,18807
0,18817
1088,18819
1388,18830
1388,18841
1356,18852
1388,18863
1388,18874
1369,18885
0,18895
1388,18896
1388,18905
1388,18913
153,18921
1388,18930
1388,18938
1388,18946
335,18955
1388,18963
1388,18971
1388,18980
218,18988
1388,18996
1388,19005
1388,19013
210,19021
1388,19030
1388,19038
1388,19046
11,19055
1388,19063
1388,19071
1388,19080
411,19088
1388,19096
1388,19105
1388,19113
504,19121
1388,19130
1388,19138
1388,19146
766,19155
1388,19163
1388,19171
1467,19176
1388,19180
1033,19188
1388,19196
1388,19205
1388,19213
886,19221
1388,19230
1388,19238
1388,19246
700,19255
1388,19263
1388,19271
1388,19280
638,19288
1388,19296
1388,19305
1388,19313
188,19321
1388,19330
1388,19338
1388,19346
236,19355
1388,19363
1388,19374
1269,19385
1388,19396
1388,19407
0,19417
1467,19418
1308,19419
1388,19430
1388,19441
1053,19452
1388,19463
1388,19474
1237,19485
0,19495
1388,19496
1388,19507
1200,19519
1388,19530
1388,19541
0,19551
861,19552
1388,19563
1388,19574
732,19585
1388,19596
1388,19607
1281,19619
1388,19630
0,19640
1388,19641
0,19651
1126,19652
1388,19663
1388,19674
1288,19685
1388,19696
1388,19707
0,19717
1068,19719
1388,19730
0,19740
1388,19741
0,19751
1252,19752
1388,19763
1388,19774
1315,19785
0,19795
1388,19796
1388,19807
1280,19819
1388,19830
1388,19841
1337,19852
0,19862
1388,19863
1388,19871
1388,19880
21,19888
1388,19896
1388,19905
1388,19913
353,19921
1388,19930
1388,19938
1388,19946
454,19955
1388,19963
1388,19971
1388,19980
501,19988
1388,19996
