777,1049
0,1059
962,1080
0,1090
1116,1114
0,1131
1298,1147
0,1162
1344,1180
0,1197
1243,1214
0,1229
817,1247
0,1262
957,1280
0,1295
967,1314
0,1329
1145,1347
0,1362
319,1380
0,1395
0,1400
1386,1414
1386,1417
1386,1419
1386,1422
1388,1425
1388,1428
1388,1430
1388,1433
1388,1436
1388,1439
1388,1442
791,1444
1388,1447
1388,1449
1388,1451
1388,1453
1388,1455
1388,1457
1388,1460
1388,1462
1388,1464
1388,1466
1388,1468
1388,1470
1388,1472
1388,1474
1388,1476
99,1478
1388,1480
1388,1482
1388,1485
1388,1487
1388,1489
1388,1491
1388,1493
1388,1495
1388,1497
1388,1499
1388,1501
1388,1503
1388,1505
1388,1507
1388,1510
962,1512
1401,1512
1388,1514
1388,1516
1388,1518
1388,1520
1388,1523
1388,1525
1388,1527
1388,1529
1388,1532
1388,1534
1388,1536
1388,1538
1388,1540
1388,1543
952,1545
1388,1547
1388,1550
1388,1553
1388,1555
1388,1558
1388,1561
1388,1564
1388,1567
1388,1569
1388,1572
1388,1575
281,1578
1388,1580
998,1597
1388,1614
1388,1616
1388,1619
1388,1621
1388,1624
1388,1627
1388,1629
1388,1632
1388,1634
1388,1637
1388,1639
1388,1642
711,1645
1388,1647
1388,1649
1388,1650
1388,1651
1388,1653
1388,1654
1388,1656
1388,1657
1388,1659
1388,1660
1388,1662
1388,1663
1388,1664
1401,1665
1388,1666
1388,1667
1388,1669
1388,1670
1460,1673
1324,1674
1388,1675
1460,1681
1460,1682
1460,1682
1460,1687
1453,1688
1460,1694
1460,1694
1460,1695
1460,1698
1460,1699
1460,1702
1460,1703
1460,1704
1460,1707
1460,1707
1460,1708
1460,1711
1460,1712
1460,1712
1460,1713
1460,1714
1460,1715
1460,1715
1460,1716
1460,1717
1460,1717
1459,1718
1460,1719
1460,1719
1460,1720
1460,1721
1460,1721
1460,1722
1460,1723
1460,1723
1460,1724
1460,1728
1460,1728
1460,1729
1460,1734
1460,1734
1460,1735
1460,1742
1460,1742
1460,1743
1475,1749
1459,1750
1460,1750
1460,1751
1475,1753
1460,1754
1460,1758
1460,1758
1460,1759
1460,1760
1460,1760
1460,1761
1460,1762
1460,1762
1460,1763
1460,1764
1460,1764
1460,1765
1460,1766
1460,1766
1460,1767
1460,1768
1460,1769
1460,1769
1460,1770
1460,1770
1460,1771
1460,1775
1460,1775
1459,1776
1460,1781
1460,1782
1460,1782
1460,1788
1460,1789
1460,1796
1460,1796
1460,1797
1460,1797
1460,1798
1460,1798
1460,1798
1460,1804
1460,1805
1460,1805
1460,1806
1460,1807
1460,1807
1460,1809
1460,1809
1455,1809
1460,1813
1460,1813
1460,1813
1460,1814
1460,1814
1460,1815
1460,1815
1460,1816
1460,1816
1460,1817
1460,1817
1460,1817
1460,1822
1460,1822
1460,1822
1460,1828
1460,1828
1460,1829
1460,1835
1460,1835
1460,1836
1460,1843
1460,1843
1460,1844
1460,1844
1460,1845
1460,1845
1460,1846
1460,1847
1456,1852
1460,1852
1460,1853
1460,1854
1460,1854
1460,1855
1460,1856
1460,1857
1460,1857
1460,1860
1460,1861
1460,1861
1460,1862
1460,1862
1460,1862
1460,1863
1460,1863
1460,1864
1460,1864
1460,1865
1460,1869
1460,1869
1459,1869
1460,1875
1460,1876
1459,1876
1460,1882
1460,1883
1460,1883
1460,1889
1460,1890
1460,1891
1460,1891
1460,1892
1460,1893
1460,1893
1460,1894
1460,1899
1460,1899
1460,1900
1460,1901
1460,1901
1460,1902
1479,1904
1460,1904
1460,1904
1460,1905
1460,1905
1459,1906
1460,1908
1460,1908
1460,1909
1460,1909
1460,1910
1460,1910
1460,1910
1460,1911
1460,1911
1460,1912
1460,1912
1459,1916
705,1917
776,1963
0,1973
0,1973
1146,1980
0,1998
0,1998
1118,2014
0,2029
0,2039
848,2047
1167,2060
696,2080
0,2104
0,2107
977,2114
947,2147
902,2180
0,2190
0,2194
856,2214
1271,2247
1345,2280
0,2290
0,2294
1388,2314
85,2330
1388,2347
208,2364
0,2375
0,2377
1388,2380
44,2397
1388,2414
192,2430
1388,2447
0,2462
158,2464
0,2474
1388,2480
272,2497
1388,2514
0,2524
141,2530
0,2540
1388,2547
506,2564
1388,2580
0,2590
0,2593
535,2597
1388,2614
505,2630
1388,2647
577,2664
1388,2680
571,2697
0,2712
0,2714
1388,2714
765,2730
1388,2747
737,2764
1388,2780
0,2795
0,2797
886,2797
1388,2819
905,2830
1388,2847
943,2864
0,2879
0,2880
1388,2880
811,2897
1388,2914
1275,2930
1388,2952
0,2962
0,2962
1269,2964
1388,2985
1329,2997
1388,3014
1388,3035
117,3036
0,3046
1388,3047
0,3057
1388,3069
56,3070
1460,3093
1324,3094
171,3113
1460,3126
1324,3127
365,3137
1460,3164
1460,3184
1460,3185
231,3186
1388,3196
602,3206
1460,3232
1460,3247
1460,3262
1460,3272
1460,3303
1460,3319
1460,3329
1460,3374
1460,3384
1460,3394
1460,3411
1460,3421
1460,3441
1459,3482
1460,3492
1485,3554
1460,3563
1460,3573
1460,3583
1460,3619
1460,3630
1460,3654
1460,3664
1460,3674
1460,3721
1460,3731
1460,3741
1460,3761
1460,3788
1460,3798
1460,3832
1459,3842
1460,3852
1460,3899
1460,3909
1460,3919
1460,3956
1460,3966
1460,3976
1460,3986
1460,4001
1460,4042
1460,4052
1485,4058
1460,4062
1460,4073
1460,4119
1460,4134
1460,4144
1460,4154
1460,4180
1460,4190
1460,4200
1455,4247
1460,4257
1460,4267
1460,4314
1460,4327
1460,4340
1460,4370
1460,4383
1460,4395
1460,4405
1489,4442
1460,4455
1460,4468
1460,4487
1459,4497
1460,4540
1460,4550
1460,4560
1460,4596
1460,4609
1460,4622
1460,4668
1460,4681
1459,4694
1460,4704
1460,4714
1460,4761
1460,4771
1460,4781
1460,4817
1460,4830
1460,4843
1460,4862
1460,4872
1460,4915
1460,4925
1460,4935
1460,4954
1460,4964
1460,4982
1460,5026
1460,5036
1460,5049
1460,5095
1460,5105
1460,5115
1460,5243
1460,5253
1460,5267
1460,5277
1460,5314
1459,5328
1460,5342
1460,5352
1460,5362
1460,5409
1460,5419
1460,5429
1460,5475
1460,5490
1460,5504
1460,5532
1460,5547
1460,5557
1460,5603
1460,5613
1460,5623
1460,5660
1460,5678
1460,5695
1460,5705
1459,5715
1460,5762
1460,5772
1460,5785
1460,5831
1460,5849
1460,5867
1460,5913
1460,5938
1460,5948
1460,5958
1460,5985
1460,5995
1460,6005
1460,6020
1460,6030
1459,6091
1460,6101
1460,6111
1497,6158
1460,6182
1460,6200
1460,6230
1460,6240
1460,6250
1460,6286
1460,6296
1460,6306
1460,6316
1497,6363
1460,6377
1460,6389
1460,6435
1459,6445
1460,6455
1460,6501
1460,6511
1460,6521
1460,6558
1460,6572
1460,6586
1460,6603
1460,6613
1460,6658
1460,6668
1460,6678
1460,6694
1460,6704
1460,6724
1460,6734
1460,6751
1460,6796
1460,6806
1460,6816
1460,6863
1459,6873
1460,6883
1460,6919
1460,6933
1460,6944
1460,6990
1460,7009
1460,7026
1460,7036
1460,7062
1460,7098
1460,7108
1460,7118
1459,7164
1460,7174
1460,7184
1460,7231
1460,7245
1460,7259
1460,7302
1460,7312
1460,7322
1460,7369
1460,7379
1460,7389
1460,7430
1460,7440
1460,7454
1460,7501
1460,7511
1460,7521
1460,7568
1460,7587
1460,7606
1460,7640
1460,7659
1460,7678
1460,7688
1460,7705
1460,7750
1460,7760
1460,7770
1460,7821
1460,7831
1460,7841
1501,7888
1460,7908
1460,7927
1460,7960
1460,7970
1460,7980
1460,8017
1460,8036
1460,8055
1460,8082
1453,8092
1460,8102
1460,8149
1460,8159
1460,8169
1460,8206
1460,8220
1460,8231
1460,8278
1460,8288
1460,8298
1460,8335
1460,8345
1460,8355
1460,8402
1460,8412
1460,8422
1460,8464
1456,8474
1460,8488
1460,8535
1460,8545
1460,8555
1460,8602
1460,8621
1460,8640
1460,8659
1460,8676
1460,8686
1460,8696
1460,8743
1460,8753
1460,8763
1460,8810
1460,8826
1460,8843
1460,8882
1460,8892
1460,8902
1460,8939
1459,8961
1460,8977
1460,8987
1460,8997
1460,9037
1460,9047
1460,9057
1460,9104
1460,9114
1460,9124
1460,9160
1460,9172
1460,9190
1460,9209
1460,9219
1460,9264
1460,9274
1458,9284
1460,9331
1460,9341
1460,9351
1460,9397
1501,9397
1460,9407
1460,9418
1460,9455
1460,9474
1460,9492
1460,9502
1460,9512
1459,9559
1460,9569
1460,9579
1459,9636
1460,9650
1460,9664
1460,9708
1460,9718
1460,9728
1460,9774
1460,9784
1460,9794
1460,9833
1460,9855
1460,9872
1460,9905
1460,9915
1460,9925
1459,9972
1460,9982
1460,9992
1460,10040
1460,10057
1460,10073
1460,10096
1459,10110
1460,10147
1460,10157
1459,10167
1460,10214
1460,10231
1460,10248
1460,10287
1460,10297
1460,10307
1460,10344
1460,10361
1460,10378
1460,10416
1460,10426
1460,10436
1460,10496
1460,10508
1460,10518
1509,10565
1460,10579
1460,10594
1460,10636
1460,10646
1459,10656
1460,10694
1460,10708
1460,10719
1460,10754
1460,10764
1460,10774
1460,10821
1460,10831
1460,10841
1460,10878
1460,10892
1460,10906
1460,10951
1460,10961
1460,10971
1460,11007
1460,11017
1460,11027
1460,11074
1460,11084
1460,11094
1460,11139
1460,11149
1460,11163
1460,11210
1460,11220
1459,11230
1460,11276
1460,11288
1460,11299
1460,11333
1460,11343
1460,11358
1460,11368
1460,11404
1460,11420
1460,11441
1460,11451
1460,11461
1460,11508
1460,11518
1460,11528
1460,11564
1460,11580
1460,11594
1460,11609
1460,11636
1460,11656
1460,11672
1460,11707
1460,11717
1460,11727
1460,11743
1460,11765
1460,11775
1460,11791
1460,11805
1460,11815
1460,11825
1460,11839
1460,11853
1460,11867
1460,11877
1460,11887
1460,11901
1460,11913
1460,11926
1460,11936
1457,11948
1460,11958
1459,11968
1460,11978
1460,11988
1460,11998
1460,12008
1460,12018
1460,12028
1460,12038
1460,12049
1460,12059
1460,12069
1460,12077
1460,12086
1460,12095
1460,12104
1460,12112
1460,12121
1460,12130
1460,12137
1460,12144
1460,12151
1460,12157
1460,12162
1460,12168
1460,12174
1460,12180
1460,12186
1460,12192
1460,12197
1460,12203
1460,12209
1460,12219
1460,12228
1460,12237
1460,12246
1460,12252
1458,12259
1460,12264
1460,12270
1460,12276
1460,12281
1460,12287
1460,12293
1460,12299
1460,12304
1460,12310
1460,12316
1460,12321
1459,12327
1460,12333
1460,12338
1460,12344
1460,12350
1460,12354
1459,12359
1460,12364
1460,12368
1460,12373
1460,12378
1460,12383
1460,12387
1460,12392
1460,12397
1460,12401
1460,12406
1460,12411
1460,12416
1460,12420
1460,12425
1460,12430
1460,12434
1460,12439
1460,12444
1460,12448
1460,12453
1460,12458
1460,12462
1459,12467
1460,12472
1460,12476
1460,12481
1460,12485
1460,12490
1460,12494
1460,12499
1460,12504
1460,12508
1460,12513
1460,12517
1460,12522
1460,12526
1460,12531
1460,12536
1460,12540
1460,12545
1460,12549
1460,12554
1460,12558
1460,12563
1459,12567
1460,12571
1460,12575
1460,12579
1460,12582
1460,12586
1460,12589
1460,12593
1460,12596
1460,12600
1460,12604
1460,12607
1460,12611
1460,12614
1460,12618
1460,12621
1460,12625
1460,12628
1460,12632
1460,12635
1460,12639
1459,12642
1460,12644
1460,12647
1460,12650
1460,12652
1460,12655
1460,12657
1460,12660
1460,12663
1460,12665
1460,12668
1460,12670
1460,12673
1460,12676
1460,12678
1460,12681
1460,12683
1509,12685
1460,12686
1460,12690
1460,12695
1460,12699
1460,12703
1459,12708
1460,12711
1460,12714
1460,12717
1460,12719
1460,12722
1460,12725
1460,12728
1459,12731
1460,12733
1460,12736
1460,12738
1460,12740
1460,12743
1460,12745
1460,12747
1460,12750
1460,12752
1460,12755
1460,12757
1460,12759
1460,12762
1460,12764
1460,12766
1460,12769
1460,12771
1460,12774
1460,12776
1459,12778
1460,12781
1460,12783
1460,12785
1460,12788
1460,12790
1460,12793
1460,12795
1460,12797
1460,12800
1460,12802
1460,12804
1460,12807
1460,12809
1460,12811
1460,12814
1460,12816
1460,12818
1460,12820
1460,12823
1457,12825
1460,12827
1460,12829
1460,12832
1460,12834
1460,12836
1460,12838
1460,12840
1460,12843
1460,12845
1460,12847
1459,12849
1460,12851
1459,12854
1460,12856
1460,12858
1460,12860
1460,12863
1460,12865
1460,12867
1460,12869
1459,12871
1460,12874
1460,12876
1460,12878
1460,12880
1460,12882
1460,12884
1460,12887
1460,12889
1459,12891
1460,12893
1460,12895
1460,12897
1460,12899
1460,12901
1460,12904
1460,12906
1460,12908
1460,12910
1460,12912
1460,12914
1460,12916
1460,12918
1460,12920
1460,12923
1460,12925
1460,12927
1460,12929
1460,12931
1460,12933
1460,12935
1460,12937
1460,12939
1460,12942
1460,12944
1460,12946
1460,12948
1460,12950
1460,12952
1460,12954
1460,12956
1460,12958
1460,12961
1460,12963
1460,12965
1460,12967
1460,12969
1460,12971
1460,12973
1460,12975
1460,12977
1460,12979
1460,12982
1460,12984
1460,12986
1460,12988
1460,12990
1460,12992
1460,12994
1460,12996
1459,12998
1460,13000
1460,13002
1460,13004
1460,13007
1460,13009
1460,13011
1460,13012
1460,13014
1460,13016
1460,13017
1460,13019
1460,13021
1460,13022
1460,13024
1460,13026
1459,13027
1460,13029
1460,13030
1460,13032
1460,13034
1460,13035
1460,13037
1460,13038
1460,13040
1460,13042
1460,13043
1460,13045
1460,13046
1460,13048
1460,13050
1460,13051
1459,13053
1460,13054
1460,13056
1460,13058
1460,13059
1460,13061
1460,13063
1460,13066
1460,13069
1460,13071
1460,13074
1460,13077
1460,13079
1460,13082
1460,13085
1460,13087
1460,13090
1460,13093
1460,13095
1460,13098
1460,13101
1460,13103
1459,13106
1460,13108
1460,13111
1460,13113
1460,13115
1459,13117
1460,13119
1460,13121
1460,13123
1460,13125
1460,13127
1460,13129
1460,13131
1460,13133
1460,13135
1460,13137
1460,13139
1460,13141
1460,13143
1460,13145
1460,13147
1460,13149
1460,13151
1460,13153
1460,13155
1460,13157
1460,13159
1460,13161
1460,13163
1460,13165
1460,13167
1460,13169
1459,13171
1460,13173
1460,13175
1460,13177
1460,13179
1460,13181
1460,13183
1460,13185
1459,13187
1460,13189
1460,13191
1460,13193
1459,13195
1460,13197
1460,13199
1460,13201
1460,13203
1460,13205
1460,13207
1460,13209
1460,13212
1460,13214
1460,13216
1506,13217
1460,13218
1460,13220
1460,13222
1460,13224
1460,13226
1460,13228
1460,13235
1460,13237
1460,13239
1460,13243
1460,13245
1460,13247
1460,13250
1460,13252
1460,13254
1459,13256
1460,13258
1460,13260
1460,13262
1460,13264
1460,13266
1460,13268
1460,13270
1460,13272
1460,13274
1460,13276
1460,13278
1460,13280
1460,13282
1460,13284
1460,13286
1460,13288
1460,13290
1460,13292
1460,13294
1460,13296
1460,13298
1460,13300
1460,13302
1460,13304
1460,13306
1460,13308
1460,13310
1460,13312
1460,13314
1460,13316
1460,13318
1460,13320
1460,13322
1460,13324
1460,13326
1460,13328
1460,13330
1460,13332
1460,13334
1460,13336
1460,13338
1460,13345
1460,13347
1460,13349
1460,13352
1460,13354
1460,13356
1506,13360
1460,13362
1460,13364
1460,13366
1460,13368
1460,13370
1460,13372
1460,13374
1460,13376
1460,13378
1460,13380
1460,13382
1460,13384
1460,13386
1460,13388
1460,13390
1460,13392
1460,13394
1460,13396
1460,13397
1460,13399
1460,13403
1460,13404
1460,13406
1509,13408
1460,13409
1459,13411
1460,13413
1460,13415
1460,13417
1460,13418
1460,13422
1460,13423
1460,13425
1460,13429
1460,13431
1507,13433
1460,13434
1460,13436
1460,13438
1460,13440
1460,13442
1460,13443
1460,13445
1460,13447
1460,13450
1460,13453
1454,13455
1460,13458
1460,13461
1460,13463
1460,13466
1460,13468
1460,13471
1460,13474
1460,13476
1460,13479
1460,13482
1460,13484
1460,13487
1460,13490
1460,13492
1460,13495
1460,13497
1460,13499
1460,13501
1460,13503
1460,13505
1460,13507
1460,13509
1460,13511
1460,13513
1460,13514
1460,13516
1460,13518
1460,13520
1460,13522
1460,13528
1460,13530
1460,13532
1460,13534
1460,13536
1460,13538
1460,13540
1460,13541
1460,13543
1459,13545
1460,13547
1460,13549
1460,13551
1460,13553
1460,13555
1460,13557
1460,13559
1460,13561
1460,13563
1460,13565
1460,13567
1460,13569
1460,13571
1460,13573
1460,13575
1460,13577
1459,13579
1460,13581
1460,13583
1460,13585
1460,13587
1460,13589
1460,13593
1460,13595
1460,13597
1460,13599
1460,13601
1460,13603
1460,13607
1460,13609
1460,13611
1460,13613
1460,13615
1460,13617
1460,13619
1460,13621
1460,13623
1460,13625
1460,13627
1460,13629
1460,13632
1460,13634
1460,13636
1460,13638
1460,13640
1460,13642
1460,13644
1460,13646
1460,13648
1460,13650
1460,13652
1460,13654
1460,13656
1460,13658
1460,13660
1460,13662
1460,13664
1460,13666
1460,13668
1460,13670
1460,13672
1460,13674
1460,13676
1460,13678
1460,13680
1460,13682
1460,13684
1460,13686
1460,13689
1460,13691
1460,13693
1460,13695
1460,13697
1460,13699
1460,13701
1460,13703
1460,13709
1460,13711
1460,13713
1460,13715
1460,13717
1460,13719
1460,13722
1460,13724
1460,13726
1460,13728
1459,13730
1460,13732
1460,13736
1460,13738
1460,13740
1460,13742
1460,13744
1460,13746
1460,13748
1460,13750
1460,13752
1460,13754
1460,13756
1460,13758
1460,13760
1460,13762
1460,13764
1460,13766
1460,13768
1460,13769
1460,13771
1460,13773
1460,13775
1460,13777
1460,13779
1460,13781
1460,13783
1460,13785
1460,13787
1460,13789
1460,13791
1460,13793
1460,13794
1460,13796
1460,13797
1460,13799
1460,13805
1460,13807
1460,13808
1460,13812
1460,13814
1460,13815
1460,13817
1460,13819
1460,13822
1460,13823
1460,13825
1460,13827
1460,13828
1460,13830
1460,13836
1460,13838
1453,13839
1460,13841
1460,13844
1460,13848
1460,13850
1460,13853
1460,13856
1460,13858
1460,13861
1460,13863
1460,13866
1460,13869
1460,13871
1460,13874
1460,13876
1460,13879
1460,13882
1460,13884
1460,13887
1460,13889
1460,13891
1460,13893
1460,13895
1460,13897
1460,13899
1460,13901
1460,13903
1460,13905
1460,13907
1460,13909
1460,13911
1460,13913
1460,13915
1460,13917
1460,13919
1460,13921
1460,13923
1460,13924
1460,13926
1460,13928
1460,13930
1460,13932
1460,13934
1460,13936
1460,13938
1460,13940
1460,13942
1460,13944
1460,13946
1460,13947
1460,13949
1460,13951
1460,13953
1460,13955
1460,13957
1460,13959
1460,13961
1460,13963
1460,13965
1460,13967
1460,13969
1460,13971
1460,13973
1460,13975
1460,13979
1460,13981
1460,13983
1460,13987
1460,13989
1460,13991
1460,13994
1460,13996
1460,13998
1460,14001
1460,14003
1460,14004
1460,14006
1460,14008
1460,14010
1460,14012
1459,14014
1460,14016
1460,14018
1460,14021
1460,14022
1460,14024
1460,14026
1460,14028
1460,14030
1456,14032
1460,14034
1459,14036
1460,14038
1460,14040
1460,14042
1460,14044
1460,14046
1460,14048
1460,14050
1460,14051
1460,14053
1460,14055
1460,14057
1459,14059
1460,14061
1460,14063
1460,14065
1460,14067
1460,14069
1460,14071
1460,14073
1460,14075
1460,14077
1460,14079
1460,14081
1460,14083
1460,14084
1460,14086
1460,14088
1460,14090
1460,14092
1460,14094
1459,14096
1460,14102
1460,14104
1455,14106
1460,14108
1460,14110
1460,14112
1460,14114
1460,14116
1460,14118
1521,14122
1460,14124
1460,14126
1460,14128
1460,14130
1460,14132
1460,14134
1460,14136
1460,14137
1460,14139
1460,14141
1460,14143
1460,14145
1460,14147
1460,14149
1460,14151
1460,14153
1460,14155
1460,14157
1460,14159
1460,14161
1460,14163
1460,14165
1460,14167
1460,14169
1460,14171
1460,14173
1460,14174
1460,14176
1460,14178
1460,14180
1460,14182
1460,14184
1460,14186
1460,14188
1460,14191
1459,14193
1460,14194
1519,14202
1460,14204
1460,14205
1460,14207
1460,14208
1460,14210
1460,14211
1460,14213
1460,14214
1460,14218
1460,14220
1460,14221
1460,14223
1460,14224
1460,14226
1460,14230
1460,14231
1456,14233
1460,14234
1460,14236
1460,14237
1460,14239
1460,14240
1460,14245
1460,14248
1460,14250
1460,14253
1460,14255
1460,14258
1460,14260
1460,14263
1460,14266
1460,14268
1460,14271
1460,14273
1460,14276
1460,14278
1460,14281
1460,14283
1460,14286
1460,14289
1460,14291
1460,14294
1460,14296
1460,14299
1460,14301
1460,14303
1460,14305
1460,14307
1460,14309
1460,14311
1460,14313
1459,14315
1460,14317
1460,14319
1460,14321
1460,14322
1460,14324
1460,14326
1460,14328
1460,14330
1460,14332
1459,14334
1460,14336
1460,14338
1460,14340
1460,14342
1460,14344
1460,14345
1460,14347
1460,14349
1460,14351
1460,14353
1459,14355
1460,14357
1460,14359
1460,14361
1460,14363
1460,14365
1459,14366
1460,14368
1460,14370
1460,14372
1460,14374
1521,14378
1460,14380
1460,14382
1460,14384
1460,14386
1460,14388
1459,14390
1460,14397
1460,14399
1460,14401
1460,14403
1460,14405
1460,14406
1460,14408
1460,14410
1460,14412
1460,14415
1460,14417
1460,14419
1460,14421
1460,14423
1460,14425
1460,14426
1460,14428
1460,14432
1460,14434
1460,14436
1460,14438
1460,14439
1460,14441
1460,14443
1460,14445
1460,14447
1460,14449
1460,14451
1460,14453
1460,14455
1460,14457
1460,14459
1460,14461
1460,14462
1460,14464
1460,14466
1460,14468
1460,14470
1460,14472
1460,14474
1460,14476
1460,14478
1460,14480
1460,14482
1460,14483
1460,14485
1459,14489
1460,14490
1460,14492
1519,14496
1460,14498
1460,14500
1460,14502
1460,14504
1460,14506
1460,14508
1460,14510
1460,14512
1459,14515
1460,14517
1460,14519
1460,14520
1460,14522
1460,14524
1460,14528
1460,14530
1460,14532
1460,14536
1460,14537
1460,14539
1460,14541
1460,14543
1460,14545
1460,14547
1460,14549
1460,14551
1459,14553
1460,14555
1460,14556
1460,14558
1460,14560
1460,14562
1460,14564
1460,14566
1460,14568
1459,14570
1460,14572
1460,14574
1460,14575
1460,14577
1460,14579
1460,14581
1460,14583
1460,14585
1460,14587
1460,14589
1460,14591
1460,14593
1460,14594
1460,14597
1460,14599
1460,14600
1460,14602
1460,14603
1459,14606
1460,14608
1460,14609
1460,14615
1460,14617
1460,14618
1460,14620
1460,14621
1460,14623
1460,14627
1460,14629
1460,14630
1460,14632
1460,14633
1460,14635
1460,14636
1460,14638
1460,14639
1460,14641
1460,14642
1460,14644
1460,14645
1460,14647
1459,14648
1460,14650
1460,14653
1460,14655
1460,14658
1460,14660
1460,14663
1459,14665
1460,14668
1460,14670
1460,14673
1460,14675
1460,14677
1460,14680
1460,14682
1460,14685
1460,14687
1460,14690
1460,14692
1460,14695
1460,14697
1460,14699
1460,14701
1460,14703
1460,14704
1460,14706
1460,14708
1460,14710
1460,14712
1460,14714
1459,14715
1460,14717
1519,14718
1460,14719
1460,14721
1460,14723
1460,14725
1460,14727
1460,14728
1460,14730
1460,14732
1460,14734
1460,14736
1460,14738
1460,14739
1460,14741
1519,14743
1456,14743
1460,14745
1460,14747
1460,14749
1460,14750
1460,14752
1460,14754
1460,14756
1460,14758
1460,14760
1460,14761
1460,14763
1460,14765
1460,14767
1460,14769
1460,14771
1460,14772
1460,14774
1460,14776
1460,14778
1460,14780
1460,14782
1460,14784
1460,14785
1459,14787
1460,14789
1460,14791
1460,14793
1460,14795
1459,14796
1460,14798
1460,14800
1460,14802
1460,14804
1460,14806
1460,14807
1460,14809
1460,14811
1460,14813
1460,14815
1460,14817
1460,14818
1459,14820
1460,14822
1460,14824
1460,14826
1460,14827
1460,14829
1460,14831
1460,14833
1460,14834
1460,14836
1460,14838
1460,14840
1460,14841
1460,14843
1460,14845
1460,14847
1460,14848
1460,14850
1460,14852
1460,14854
1460,14855
1460,14857
1460,14859
1460,14860
1460,14862
1460,14864
1460,14866
1460,14867
1460,14869
1460,14871
1460,14873
1460,14874
1460,14876
1460,14878
1460,14879
1460,14881
1460,14883
1460,14885
1459,14886
1460,14888
1460,14890
1460,14891
1460,14893
1460,14895
1460,14897
1460,14898
1460,14900
1459,14902
1460,14903
1460,14905
1460,14907
1460,14908
1460,14910
1460,14912
1460,14913
1460,14915
1460,14917
1460,14918
1460,14920
1460,14922
1460,14923
1460,14925
1460,14927
1460,14928
1460,14930
1460,14932
1460,14933
1460,14935
1460,14937
1460,14938
1460,14940
1452,14942
1460,14943
1460,14945
1460,14947
1460,14948
1459,14950
1460,14952
1460,14953
1460,14955
1460,14957
1460,14958
1460,14960
1460,14962
1460,14963
1460,14965
1460,14967
1460,14968
1460,14970
1460,14972
1460,14973
1460,14975
1460,14977
1460,14978
1460,14980
1460,14982
1460,14983
1460,14985
1460,14986
1460,14988
1460,14989
1460,14990
1460,14992
1460,14993
1460,14994
1460,14995
1460,14997
1460,14998
1460,14999
1460,15001
1460,15002
1460,15003
1460,15004
1460,15006
1460,15007
1460,15008
1460,15010
1460,15011
1460,15012
1460,15014
1460,15015
1460,15016
1460,15017
1460,15019
1460,15020
1460,15021
1460,15023
1460,15024
1453,15025
1460,15027
1460,15028
1460,15029
1460,15030
1460,15032
1460,15033
1459,15034
1460,15036
1460,15039
1460,15041
1460,15043
1459,15045
1460,15047
1460,15049
1460,15051
1460,15054
1460,15056
1460,15058
1460,15060
1460,15062
1460,15064
1460,15066
1460,15068
1460,15070
1460,15072
1460,15074
1460,15076
1460,15078
1460,15080
1460,15082
1459,15085
1460,15087
1460,15089
1460,15090
1460,15092
1460,15093
1523,15094
1460,15095
1460,15096
1460,15098
1460,15099
1460,15101
1460,15102
1460,15104
1460,15105
1460,15107
1460,15108
1460,15110
1460,15111
1459,15113
1460,15114
1460,15116
1460,15117
1460,15119
1460,15120
1460,15122
1460,15123
1460,15125
1460,15126
1460,15128
1460,15130
1460,15131
1460,15133
1460,15134
1460,15136
1460,15137
1460,15139
1459,15140
1460,15142
1460,15143
1460,15145
1460,15146
1460,15148
1460,15149
1460,15152
1460,15153
1460,15155
1460,15156
1460,15158
1460,15162
1460,15163
1460,15165
1460,15167
1460,15169
1460,15170
1460,15173
1460,15174
1460,15176
1460,15178
1460,15179
1460,15181
1460,15187
1460,15189
1460,15190
1523,15192
1460,15194
1460,15195
1460,15197
1460,15198
1460,15200
1460,15201
1523,15202
1460,15203
1460,15204
1460,15206
1460,15207
1460,15209
1460,15210
1460,15212
1460,15213
1460,15215
1460,15216
1460,15218
1460,15219
1460,15221
1460,15222
1460,15224
1460,15226
1460,15227
1460,15229
1460,15230
1460,15232
1460,15233
1460,15235
1460,15236
1460,15238
1460,15239
1460,15241
1460,15242
1460,15244
1460,15245
1460,15247
1460,15248
1460,15250
1460,15251
1460,15253
1460,15254
1460,15256
1460,15257
1460,15259
1460,15260
1460,15262
1460,15263
1460,15265
1460,15266
1459,15268
1460,15269
1460,15271
1460,15272
1460,15274
1460,15276
1460,15277
1460,15279
1460,15280
1460,15285
1460,15286
1455,15288
1460,15289
1460,15291
1460,15293
1460,15300
1460,15302
1460,15303
1525,15305
1460,15307
1460,15308
1460,15310
1460,15311
1460,15313
1460,15314
1460,15316
1460,15317
1460,15319
1460,15320
1460,15322
1460,15323
1460,15325
1460,15326
1460,15328
1460,15329
1460,15331
1460,15332
1460,15334
1460,15335
1460,15337
1460,15338
1459,15340
1460,15341
1460,15343
1460,15344
1460,15346
1460,15347
1460,15349
1460,15350
1460,15352
1460,15354
1460,15355
1460,15357
1460,15358
1460,15360
1460,15361
1460,15363
1460,15364
1459,15366
1460,15367
1460,15369
1460,15370
1460,15372
1460,15373
1460,15375
1460,15376
1460,15378
1460,15379
1460,15381
1460,15384
1460,15385
1460,15386
1460,15388
1460,15389
1460,15391
1460,15393
1460,15394
1460,15395
1460,15396
1460,15397
1460,15399
1460,15400
1460,15401
1460,15402
1460,15404
1460,15405
1459,15406
1460,15407
1460,15408
1460,15410
1460,15411
1460,15412
1460,15413
1460,15414
1460,15416
1460,15419
1460,15420
1459,15421
1460,15424
1460,15425
1460,15427
1460,15428
1460,15429
1460,15430
1460,15432
1460,15433
1460,15434
1460,15436
1460,15438
1460,15440
1460,15443
1460,15445
1460,15447
1460,15449
1460,15451
1460,15453
1525,15453
1460,15455
1460,15457
1460,15459
1460,15461
1460,15463
1460,15467
1459,15469
1460,15471
1460,15473
1460,15475
1460,15477
1460,15479
1460,15481
1460,15483
1460,15485
1460,15487
1460,15488
1460,15490
1460,15491
1460,15493
1460,15495
1460,15496
1523,15498
1460,15500
1460,15501
1460,15503
1460,15504
1460,15506
1460,15507
1460,15509
1460,15510
1460,15512
1460,15513
1460,15515
1460,15516
1459,15518
1460,15519
1460,15521
1460,15522
1460,15524
1460,15525
1459,15527
1460,15528
1460,15530
1460,15531
1460,15533
1460,15534
1460,15536
1460,15537
1460,15539
1460,15540
1460,15542
1460,15543
1460,15545
1460,15546
1460,15548
1460,15549
1460,15551
1460,15552
1459,15554
1460,15555
1460,15557
1460,15558
1460,15560
1460,15561
1460,15563
1460,15564
1460,15566
1460,15568
1460,15571
1460,15572
1460,15574
1525,15580
1460,15582
1460,15584
1460,15585
1460,15587
1460,15588
1459,15590
1460,15591
1460,15593
1460,15594
1523,15596
1460,15598
1460,15599
1525,15601
1460,15601
1460,15602
1460,15604
1460,15606
1460,15607
1459,15609
1460,15610
1460,15612
1460,15613
1460,15615
1460,15616
1460,15618
1460,15619
1460,15621
1460,15622
1460,15624
1460,15625
1460,15627
1460,15629
1460,15631
1460,15632
1460,15635
1460,15637
1460,15638
1460,15640
1460,15641
1460,15643
1460,15644
1460,15646
1460,15647
1460,15649
1460,15650
1460,15652
1460,15653
1460,15655
1460,15656
1459,15658
1460,15659
1460,15661
1460,15663
1460,15665
1460,15666
1460,15668
1460,15669
1460,15672
1460,15674
1460,15675
1460,15682
1460,15684
1460,15685
1459,15687
1460,15688
1460,15690
1460,15691
1460,15693
1460,15694
1460,15696
1460,15697
1460,15699
1460,15700
1460,15702
1460,15703
1460,15705
1460,15706
1460,15708
1460,15709
1460,15711
1460,15712
1460,15714
1460,15715
1460,15717
1459,15718
1460,15720
1460,15722
1460,15723
1460,15725
1460,15726
1460,15728
1460,15729
1460,15731
1460,15732
1460,15734
1460,15735
1460,15737
1460,15738
1460,15740
1460,15741
1460,15743
1460,15744
1460,15746
1459,15747
1460,15749
1460,15750
1460,15752
1460,15753
1460,15755
1460,15756
1460,15758
1460,15759
1460,15761
1460,15762
1460,15764
1460,15765
1460,15767
1460,15768
1460,15770
1460,15771
1460,15773
1460,15774
1458,15776
1460,15777
1460,15779
1460,15780
1460,15781
1460,15783
1460,15784
1460,15785
1460,15786
1460,15787
1460,15789
1460,15790
1460,15791
1460,15792
1460,15794
1460,15795
1459,15796
1460,15799
1460,15801
1460,15802
1460,15803
1460,15805
1460,15806
1460,15808
1460,15809
1460,15811
1460,15818
1460,15819
1460,15826
1460,15828
1460,15830
1523,15832
1460,15834
1460,15836
1460,15838
1460,15840
1460,15842
1460,15844
1460,15846
1460,15848
1459,15850
1460,15852
1460,15854
1460,15856
1459,15858
1460,15860
1460,15862
1460,15864
1460,15866
1460,15868
1460,15870
1460,15872
1460,15874
1460,15876
1460,15878
1460,15879
1460,15881
1460,15882
1460,15884
1460,15885
1460,15887
1460,15888
1460,15890
1459,15891
1460,15893
1460,15894
1460,15896
1460,15897
1460,15899
1523,15900
1460,15900
1460,15902
1459,15903
1460,15905
1460,15906
1460,15908
1460,15909
1460,15911
1460,15913
1460,15914
1460,15916
1460,15917
1460,15919
1460,15920
1460,15922
1460,15923
1460,15925
1460,15926
1460,15928
1460,15929
1460,15931
1460,15932
1460,15934
1460,15935
1460,15937
1460,15938
1460,15940
1460,15941
1460,15943
1460,15944
1460,15946
1460,15947
1460,15949
1460,15950
1460,15952
1460,15953
1460,15955
1460,15956
1460,15958
1460,15959
1460,15965
1460,15966
1460,15968
1459,15972
1460,15973
1460,15975
1460,15976
1460,15978
1460,15982
1460,15983
1460,15985
1460,15988
1460,15989
1460,15991
1460,15996
1460,15997
1460,15999
1525,15999
1460,16000
1460,16002
1460,16003
1460,16005
1460,16006
1460,16008
1460,16009
1454,16011
1460,16012
1460,16014
1460,16015
1460,16017
1460,16018
1460,16020
1460,16021
1460,16023
1460,16024
1460,16026
1460,16027
1460,16029
1459,16030
1460,16032
1460,16033
1460,16035
1460,16036
1460,16038
1460,16039
1460,16041
1460,16042
1459,16044
1460,16045
1460,16047
1460,16049
1460,16050
1460,16052
1460,16053
1460,16055
1460,16056
1460,16058
1460,16059
1460,16061
1460,16064
1460,16066
1459,16067
1460,16069
1460,16070
1460,16072
1460,16073
1460,16075
1460,16076
1460,16082
1460,16083
1460,16085
1460,16086
1460,16088
1460,16089
1460,16091
1460,16092
1460,16094
1460,16095
1460,16097
1525,16098
1460,16098
1460,16100
1460,16101
1460,16103
1460,16104
1460,16106
1460,16107
1460,16109
1460,16110
1460,16112
1460,16113
1460,16115
1460,16116
1460,16118
1460,16120
1460,16121
1460,16123
1460,16124
1460,16126
1460,16127
1460,16129
1460,16135
1460,16136
1459,16138
1525,16140
1460,16141
1460,16143
1460,16144
1459,16146
1460,16147
1460,16149
1460,16150
1460,16152
1460,16153
1460,16155
1460,16156
1525,16159
1460,16161
1460,16162
1460,16164
1460,16165
1460,16167
1460,16168
1460,16170
1460,16171
1460,16173
1460,16174
1460,16175
1459,16177
1460,16180
1460,16182
1460,16183
1459,16184
1460,16185
1460,16189
1460,16190
1460,16191
1460,16196
1460,16197
1460,16198
1460,16200
1460,16201
1460,16202
1460,16203
1460,16204
1460,16206
1460,16208
1460,16209
1460,16210
1460,16211
1460,16212
1460,16214
1460,16215
1460,16216
1460,16217
1460,16221
1460,16223
1460,16225
1460,16227
1460,16229
1460,16231
1460,16233
1460,16235
1458,16237
1460,16239
1459,16241
1460,16243
1460,16245
1460,16247
1460,16249
1460,16251
1460,16253
1460,16255
1460,16257
1460,16259
1460,16261
1460,16263
1460,16265
1460,16267
1460,16269
1460,16271
1460,16273
1460,16274
1460,16276
1460,16277
1460,16279
1460,16280
1460,16282
1460,16283
1460,16285
1460,16286
1460,16288
1460,16290
1460,16291
1460,16293
1459,16294
1460,16296
1460,16297
1460,16299
1460,16300
1460,16302
1460,16303
1460,16305
1460,16306
1460,16308
1460,16309
1460,16311
1460,16312
1460,16314
1460,16315
1460,16317
1460,16318
1460,16320
1460,16321
1460,16323
1460,16324
1460,16326
1457,16327
1460,16329
1460,16330
1460,16332
1460,16333
1460,16335
1460,16336
1460,16338
1460,16339
1460,16341
1460,16342
1523,16345
1523,16345
1460,16346
1460,16348
1460,16349
1460,16351
1460,16352
1460,16354
1460,16356
1460,16357
1460,16359
1460,16360
1460,16362
1460,16363
1460,16365
1460,16366
1460,16368
1460,16369
1460,16371
1456,16372
1460,16374
1460,16375
1460,16377
1460,16378
1460,16380
1460,16381
1460,16383
1460,16384
1459,16386
1460,16387
1460,16389
1460,16390
1460,16392
1460,16393
1460,16395
1460,16396
1460,16398
1460,16399
1460,16401
1460,16402
1460,16404
1460,16405
1460,16407
1460,16408
1460,16410
1460,16411
1460,16413
1460,16417
1460,16419
1459,16420
1460,16424
1460,16426
1460,16427
1460,16434
1460,16435
1460,16437
1460,16438
1460,16440
1460,16441
1460,16443
1460,16444
1460,16446
1460,16448
1460,16449
1460,16451
1460,16453
1460,16454
1460,16456
1460,16457
1460,16459
1460,16460
1460,16462
1460,16463
1460,16465
1460,16466
1460,16468
1460,16469
1460,16471
1460,16472
1460,16474
1460,16475
1460,16477
1460,16478
1460,16480
1460,16481
1460,16483
1459,16484
1460,16486
1460,16487
1460,16489
1460,16490
1460,16492
1460,16493
1460,16495
1460,16496
1460,16498
1460,16500
1460,16501
1460,16503
1460,16504
1460,16506
1460,16507
1525,16510
1460,16511
1460,16513
1460,16514
1460,16516
1460,16517
1460,16519
1460,16520
1460,16522
1460,16523
1460,16525
1459,16526
1460,16529
1460,16530
1460,16532
1460,16533
1460,16535
1460,16536
1460,16538
1460,16539
1460,16541
1460,16543
1460,16544
1460,16546
1460,16547
1460,16549
1460,16550
1460,16552
1460,16553
1460,16555
1460,16556
1460,16558
1460,16559
1460,16561
1460,16562
1460,16564
1523,16565
1460,16565
1460,16566
1460,16568
1460,16569
1459,16570
1460,16571
1460,16577
1460,16578
1460,16579
1460,16588
1460,16589
1460,16590
1460,16592
1460,16593
1460,16594
1460,16599
1460,16601
1460,16602
1460,16603
1460,16604
1460,16608
1460,16609
1460,16610
1460,16614
1460,16616
1460,16618
1460,16620
1460,16622
1460,16624
1460,16626
1459,16628
1460,16630
1460,16632
1460,16634
1460,16637
1460,16639
1460,16641
1460,16643
1460,16645
1460,16647
1460,16649
1460,16651
1460,16653
1460,16655
1460,16657
1460,16659
1460,16661
1460,16663
1460,16665
1460,16666
1460,16668
1460,16669
1460,16671
1459,16672
1460,16674
1460,16675
1460,16677
1460,16679
1460,16680
1460,16682
1460,16683
1460,16685
1460,16686
1460,16688
1460,16689
1459,16691
1460,16693
1460,16694
1460,16696
1460,16697
1460,16699
1460,16700
1460,16702
1460,16703
1460,16705
1460,16707
1460,16708
1460,16710
1460,16711
1460,16713
1460,16714
1460,16716
1460,16717
1460,16719
1460,16721
1460,16723
1460,16725
1459,16727
1460,16728
1460,16730
1460,16731
1460,16733
1460,16734
1460,16736
1460,16737
1460,16739
1460,16741
1460,16742
1460,16744
1460,16745
1459,16747
1460,16748
1460,16750
1460,16751
1460,16753
1460,16759
1460,16761
1460,16762
1460,16764
1460,16765
1460,16767
1460,16770
1460,16771
1460,16773
1460,16775
1460,16777
1460,16778
1460,16780
1460,16782
1460,16783
1460,16785
1460,16786
1460,16790
1460,16791
1460,16793
1460,16794
1460,16796
1460,16797
1460,16799
1460,16800
1460,16802
1460,16804
1460,16805
1460,16807
1460,16808
1460,16810
1460,16811
1460,16813
1460,16814
1460,16817
1460,16818
1460,16820
3062,16825
1460,16828
1460,16830
1460,16832
1460,16833
1460,16835
1460,16836
1460,16838
1460,16839
1460,16841
1460,16842
1460,16844
1460,16846
1460,16847
1460,16849
1460,16850
1460,16852
1460,16853
1460,16855
1460,16856
1460,16858
1460,16860
1460,16861
1458,16863
1460,16866
1460,16868
1460,16869
1460,16871
1460,16873
1460,16874
1460,16876
1460,16877
1460,16879
1460,16880
1460,16882
1531,16886
1460,16888
1460,16889
1460,16891
1460,16894
1460,16896
1460,16897
1460,16899
1460,16900
1460,16902
1460,16903
1460,16905
1460,16906
1460,16908
1460,16910
1460,16911
1460,16913
1459,16914
1460,16916
1460,16918
1460,16920
1460,16921
1460,16923
1460,16924
1460,16926
1460,16932
1460,16933
1460,16935
1460,16936
1460,16938
1460,16939
1460,16941
1460,16942
1459,16944
1460,16946
1460,16947
1460,16949
1460,16950
1460,16952
1460,16953
1460,16955
1460,16956
1460,16957
1459,16958
1460,16960
1459,16961
1460,16963
1460,16965
1535,16969
1460,16970
1460,16971
1460,16973
1460,16974
1460,16975
1460,16976
1460,16979
1460,16981
1460,16982
1459,16984
1460,16985
1460,16986
1460,16991
1460,16992
1460,16994
1460,16995
1459,16996
1460,16997
1460,16998
1460,17000
1460,17001
1460,17008
1459,17010
1460,17012
1460,17014
1460,17016
1460,17018
1460,17020
1460,17022
1460,17024
1460,17026
1460,17028
1460,17031
1460,17033
1460,17035
1460,17037
1460,17039
1460,17041
1460,17043
1460,17045
1460,17047
1460,17049
1460,17051
1460,17053
1460,17055
1460,17057
1460,17059
1460,17060
1460,17062
1460,17063
1460,17065
1460,17066
1459,17068
1460,17069
1460,17071
1460,17073
1460,17074
1460,17076
1460,17077
1460,17079
1460,17080
1460,17082
1460,17083
1460,17085
1460,17087
1460,17088
1460,17090
1460,17091
1460,17093
1460,17094
1460,17096
1460,17097
1459,17099
1460,17101
1460,17102
1460,17104
1460,17105
1460,17107
1460,17108
1460,17110
1460,17111
1460,17113
1460,17115
1460,17116
1460,17118
1460,17119
1460,17121
1460,17122
1460,17124
1460,17125
1460,17127
1460,17129
1460,17130
1460,17132
1460,17133
1460,17135
1460,17136
1460,17138
1460,17139
1460,17141
1460,17143
1460,17144
1460,17146
1459,17147
1460,17149
1460,17150
1460,17152
1460,17153
1460,17155
1460,17156
1459,17158
1460,17160
1460,17161
1460,17166
1460,17168
1460,17170
1535,17175
1460,17177
1460,17178
1460,17180
1460,17181
1460,17183
1460,17185
1460,17189
1460,17190
1460,17192
1460,17193
215,17195
1233,17197
1388,17214
1253,17230
1388,17247
1276,17264
1533,17268
1388,17280
1292,17297
0,17307
1388,17314
1388,17325
0,17335
42,17336
0,17346
1388,17347
1388,17358
0,17368
17,17369
0,17379
1388,17380
1388,17392
114,17403
1469,17409
1388,17414
0,17424
1388,17425
367,17436
0,17446
1388,17447
1388,17458
115,17469
1388,17480
1388,17492
0,17502
272,17503
1388,17514
1388,17525
0,17535
179,17536
0,17546
1388,17547
1388,17558
329,17569
1388,17580
1388,17592
0,17602
468,17603
1388,17614
1388,17625
342,17636
0,17646
1388,17647
1388,17658
0,17668
275,17669
0,17679
1388,17680
1388,17692
739,17703
0,17713
1388,17714
1388,17725
474,17736
1388,17747
1388,17758
546,17769
1388,17780
0,17790
1388,17792
0,17802
646,17803
1388,17814
1388,17825
700,17836
1388,17847
1388,17858
603,17869
1388,17880
1388,17892
857,17903
1388,17914
0,17924
1388,17925
0,17935
763,17936
1388,17947
1388,17958
902,17969
1388,17980
1388,17992
0,18002
935,18003
0,18013
1388,18014
1388,18025
0,18035
1224,18036
1388,18047
1388,18055
1388,18064
57,18072
1388,18080
1388,18092
978,18103
0,18113
1388,18114
1388,18125
1215,18136
1388,18147
1388,18158
1281,18169
1469,18175
1388,18180
1388,18189
1388,18197
61,18205
1388,18214
1388,18225
1317,18236
0,18246
1388,18247
0,18257
1388,18258
1469,18266
1361,18269
1388,18280
1388,18292
0,18302
921,18303
0,18313
1388,18314
1388,18325
1196,18336
1388,18347
1388,18358
1180,18369
0,18379
1388,18380
0,18390
1388,18392
1169,18403
1388,18414
1388,18425
925,18436
1388,18447
1388,18458
1345,18469
1388,18480
1388,18492
1355,18503
0,18513
1388,18514
1388,18525
979,18536
1388,18547
1388,18558
0,18568
753,18569
0,18579
1388,18580
1388,18592
899,18603
0,18613
1388,18614
1388,18625
841,18636
1388,18647
0,18657
1388,18658
929,18669
1388,18680
1388,18692
0,18702
809,18703
1388,18714
1388,18725
1025,18736
1388,18747
1388,18758
0,18768
1217,18769
0,18779
1388,18780
1388,18792
1088,18803
1388,18814
1388,18825
1356,18836
1388,18847
1388,18858
1369,18869
1388,18880
1388,18889
1388,18897
153,18905
1388,18914
1388,18922
1388,18930
335,18939
1388,18947
1388,18955
1388,18964
218,18972
1388,18980
1388,18989
1388,18997
210,19005
1388,19014
1388,19022
1388,19030
11,19039
1388,19047
1388,19055
1388,19064
411,19072
1388,19080
1388,19089
1388,19097
504,19105
1388,19114
1388,19122
1388,19130
766,19139
1388,19147
1388,19155
1388,19164
1033,19172
1388,19180
1388,19189
1388,19197
886,19205
1388,19214
1467,19220
1388,19222
1388,19230
700,19240
1388,19247
1388,19255
1388,19264
638,19272
1388,19280
1388,19289
1388,19297
188,19305
1388,19314
1388,19322
1388,19330
236,19339
1388,19347
1388,19358
0,19368
1269,19369
1388,19380
1388,19392
1308,19403
1388,19414
1388,19425
1053,19436
1388,19447
1388,19458
1237,19469
1388,19480
1388,19492
0,19502
1200,19503
1388,19514
0,19524
1388,19525
0,19535
861,19536
1388,19547
1388,19558
732,19569
0,19579
1388,19580
1388,19592
1281,19603
1388,19614
0,19625
1388,19625
0,19636
1126,19636
0,19646
1388,19647
1388,19658
1288,19669
1388,19680
0,19690
1388,19692
0,19702
1068,19703
1388,19714
1388,19725
1252,19736
0,19746
1388,19747
1388,19758
1315,19769
1388,19780
0,19790
1388,19792
1469,19798
1280,19803
1388,19814
1388,19827
1337,19836
0,19846
1388,19847
1388,19855
1388,19864
21,19872
1388,19880
1388,19889
1388,19897
353,19905
1388,19914
1388,19922
1388,19930
454,19939
1388,19947
1388,19955
1388,19964
501,19972
1388,19980
1388,19989
1388,19997
