777,1064
0,1074
962,1096
0,1106
1116,1129
1298,1163
0,1173
0,1194
1344,1196
1243,1229
817,1263
0,1292
0,1292
957,1296
967,1329
1145,1363
319,1396
0,1428
1386,1429
1386,1432
1386,1435
1386,1438
1388,1440
1388,1443
1388,1446
1388,1449
1388,1452
1388,1454
1388,1457
791,1460
1388,1463
1388,1465
1388,1467
1388,1469
1388,1471
1388,1473
1388,1475
1388,1477
1388,1479
1388,1481
1388,1484
1388,1486
1388,1488
1388,1490
1388,1492
99,1494
1388,1496
1388,1498
1388,1500
1388,1502
1388,1504
1388,1506
1388,1509
1388,1511
1388,1513
1388,1515
1388,1517
1388,1519
1388,1521
1388,1523
1388,1525
962,1527
1388,1529
1388,1532
1388,1534
1388,1536
1388,1538
1388,1540
1388,1543
1401,1545
1388,1546
1388,1548
1388,1550
1401,1551
1388,1552
1388,1554
1388,1556
1388,1558
952,1560
1388,1563
1388,1565
1388,1568
1388,1571
1388,1574
1388,1577
1388,1579
1388,1582
1388,1585
1388,1588
1388,1590
281,1593
1388,1596
998,1613
1388,1629
1388,1632
1388,1635
1388,1637
1388,1640
1388,1642
1388,1645
1388,1647
1388,1650
1388,1652
1388,1655
1388,1658
711,1660
1388,1663
1388,1664
1388,1666
1388,1667
1388,1669
1388,1670
1388,1671
1388,1673
1388,1674
1388,1676
1388,1677
1388,1679
1388,1680
1388,1682
1388,1683
1388,1684
1388,1686
1388,1687
1388,1689
1388,1690
1388,1692
1388,1693
322,1695
1388,1696
1388,1697
1388,1698
1388,1699
1388,1700
1388,1702
1388,1703
1388,1704
1460,1708
1460,1709
1460,1709
1460,1716
1460,1716
1460,1717
1460,1723
1460,1724
1460,1729
1460,1729
1460,1730
1460,1733
1460,1734
1460,1735
1460,1736
1460,1737
1460,1740
1460,1741
1460,1742
1460,1745
1460,1745
1460,1749
1460,1750
1460,1750
1460,1753
1460,1754
1460,1755
1460,1758
1460,1758
1460,1761
1460,1762
1460,1763
1460,1765
1460,1765
1460,1766
1460,1771
1460,1772
1460,1772
1460,1779
1460,1779
1459,1780
1460,1786
1460,1787
1460,1788
1460,1792
1460,1793
1460,1796
1460,1797
1460,1798
1460,1799
1460,1800
1460,1801
1460,1804
1460,1805
1460,1805
1460,1809
1460,1809
1460,1810
1460,1814
1460,1814
1460,1815
1460,1818
1460,1819
1460,1819
1460,1822
1460,1822
1460,1826
1459,1827
1460,1827
1460,1829
1460,1830
1460,1830
1460,1836
1460,1836
1460,1837
1460,1843
1460,1844
1460,1845
1460,1851
1460,1851
1475,1860
1460,1860
1460,1861
1460,1861
1460,1862
1460,1863
1460,1863
1460,1864
1460,1867
1456,1868
1460,1869
1460,1872
1460,1872
1460,1873
1473,1877
1460,1877
1460,1881
1460,1882
1460,1882
1459,1885
1460,1885
1460,1886
1460,1890
1460,1891
1460,1891
1460,1893
1460,1894
1460,1894
1460,1899
1460,1900
1460,1901
1460,1906
1460,1907
1460,1914
1460,1915
1460,1915
1460,1923
1460,1924
1460,1925
1460,1925
1455,1926
1460,1926
1460,1927
1460,1928
1460,1928
1460,1931
1460,1932
1460,1936
1460,1936
1460,1937
1460,1941
1460,1941
1460,1942
1460,1946
1460,1946
1460,1947
1460,1949
1460,1950
1460,1950
1460,1954
1460,1955
1460,1955
1460,1958
1460,1958
1460,1959
1459,1963
1460,1964
1460,1970
1460,1971
1460,1972
1460,1972
1460,1978
1460,1979
1460,1980
1460,1990
1460,1990
1460,1991
1460,1991
1460,1992
1460,1993
1460,1993
1460,1994
1460,1999
1460,1999
1460,2000
1460,2004
1460,2004
1459,2005
1460,2009
1460,2009
1460,2010
1460,2012
1460,2013
1459,2013
1460,2015
1460,2016
1460,2019
43,2019
1118,2029
848,2067
1477,2072
0,2092
696,2096
0,2106
0,2128
977,2129
0,2139
0,2154
947,2163
0,2179
0,2189
902,2196
0,2206
1477,2226
856,2229
1271,2263
0,2273
0,2289
1345,2296
1388,2329
85,2346
1388,2363
208,2379
1388,2396
0,2406
0,2409
44,2413
1388,2429
192,2446
0,2461
1388,2463
0,2479
158,2479
0,2489
1388,2496
272,2513
1388,2529
0,2539
141,2546
0,2562
1388,2563
0,2573
506,2579
1388,2596
535,2613
0,2623
1388,2629
0,2646
505,2646
0,2656
1388,2663
577,2679
1388,2696
0,2706
571,2713
1388,2729
765,2746
1388,2763
737,2779
0,2789
0,2792
1388,2796
886,2818
1460,2851
841,2853
1388,2863
943,2879
1460,2916
747,2926
1388,2929
1460,2968
1211,2978
1269,2988
1388,2996
1460,3051
1460,3052
1318,3054
1388,3064
1388,3074
1459,3117
1460,3119
99,3129
1388,3139
1460,3193
1460,3212
1460,3227
1460,3280
1460,3296
116,3316
1460,3317
1460,3327
1460,3337
1459,3390
1460,3400
1460,3410
1460,3463
1460,3478
1459,3493
1460,3551
1460,3561
1460,3571
1460,3592
1460,3602
1460,3635
1460,3680
1460,3690
1460,3700
1460,3753
1460,3768
1460,3784
1460,3841
1460,3851
1460,3861
1460,3924
1460,3934
1460,3944
1460,3997
1460,4013
1460,4025
1460,4086
1460,4096
1460,4106
1460,4169
1460,4179
1460,4189
1460,4242
1460,4260
1460,4279
1460,4330
1460,4340
1460,4350
1460,4413
1460,4423
1460,4433
1460,4497
1456,4519
1460,4542
1460,4570
1460,4580
1460,4630
1460,4640
1460,4650
1460,4721
1460,4784
1460,4809
1460,4819
1460,4829
1479,4892
1460,4902
1459,4912
1460,4976
1460,4998
1460,5020
1460,5049
1460,5059
1460,5108
1460,5118
1460,5128
1460,5191
1460,5201
1460,5211
1460,5274
1460,5292
1460,5310
1460,5353
1460,5365
1460,5375
1460,5438
1460,5448
1460,5458
1460,5521
1460,5543
1460,5566
1460,5595
1460,5605
1460,5654
1460,5664
1460,5674
1460,5737
1455,5747
1460,5757
1460,5820
1460,5842
1460,5864
1460,5893
1460,5903
1459,5952
1460,5962
1460,5972
1460,6035
1460,6045
1460,6055
1460,6119
1460,6148
1460,6177
1460,6202
1460,6217
1460,6265
1460,6275
1460,6290
1460,6300
1460,6353
1460,6378
1460,6388
1460,6398
1460,6461
1460,6471
1460,6481
1460,6529
1460,6560
1460,6570
1460,6580
1460,6627
1460,6637
1460,6659
1460,6715
1460,6725
1460,6735
1460,6763
1460,6773
1460,6798
1460,6851
1459,6861
1460,6871
1460,6935
1460,6945
1460,6955
1460,7000
1460,7021
1460,7038
1460,7048
1460,7088
1460,7126
1460,7136
1460,7146
1460,7209
1460,7219
1460,7229
1460,7282
1460,7304
1460,7314
1460,7327
1460,7371
1460,7392
1460,7402
1460,7412
1460,7459
1460,7490
1460,7500
1460,7510
1460,7573
1460,7583
1460,7593
1460,7656
1460,7678
1460,7699
1460,7744
1460,7766
1460,7787
1459,7797
1460,7807
1460,7870
1460,7880
1460,7890
1460,7959
1460,7987
1460,8047
1460,8057
1460,8067
1483,8135
1460,8145
1460,8155
1460,8177
1483,8218
1459,8241
1460,8266
1460,8276
1460,8286
1460,8316
1460,8326
1460,8349
1460,8389
1460,8399
1460,8409
1460,8472
1460,8482
1460,8492
1460,8556
1460,8573
1460,8590
1460,8644
1460,8660
1460,8678
1460,8688
1460,8698
1481,8741
1459,8758
1460,8776
1460,8786
1460,8796
1460,8859
1460,8869
1460,8879
1460,8942
1460,8959
1460,8976
1460,9020
1460,9037
1460,9047
1460,9057
1460,9108
1460,9118
1460,9132
1460,9195
1460,9205
1460,9215
1459,9268
1460,9285
1460,9298
1460,9313
1460,9356
1460,9386
1460,9396
1460,9406
1460,9470
1460,9480
1460,9490
1460,9543
1460,9562
1460,9581
1460,9591
1460,9601
1483,9664
1460,9674
1460,9684
1460,9747
1459,9767
1460,9786
1460,9821
1460,9840
1460,9874
1460,9884
1460,9894
1460,9919
1460,9929
1460,9957
1460,10007
1460,10017
1460,10027
1460,10080
1460,10090
1460,10110
1460,10168
1460,10178
1460,10188
1460,10240
1460,10250
1459,10260
1460,10324
1460,10334
1460,10347
1460,10410
1460,10429
1460,10447
1460,10498
1460,10508
1460,10518
1460,10582
1460,10592
1460,10602
1460,10648
1460,10673
1460,10685
1460,10695
1459,10736
1460,10773
1460,10783
1460,10793
1460,10856
1460,10866
1460,10876
1459,10930
1460,10948
1460,10960
1460,10975
1460,11018
1460,11038
1460,11048
1460,11058
1460,11106
1460,11136
1460,11146
1460,11156
1460,11219
1460,11229
1460,11239
1460,11302
1460,11320
1460,11337
1460,11390
1460,11408
1460,11425
1460,11435
1460,11445
1460,11463
1460,11480
1460,11497
1460,11514
1460,11524
1460,11534
1483,11551
1459,11552
1460,11569
1460,11586
1460,11596
1460,11606
1460,11624
1460,11635
1460,11645
1460,11655
1460,11667
1460,11679
1460,11688
1460,11697
1460,11706
1460,11715
1460,11725
1460,11734
1460,11741
1460,11748
1460,11755
1460,11762
1460,11769
1460,11776
1460,11783
1460,11790
1460,11797
1460,11804
1460,11811
1460,11818
1460,11825
1460,11832
1460,11838
1460,11845
1460,11850
1460,11855
1460,11861
1460,11866
1460,11871
1460,11877
1460,11882
1460,11887
1460,11892
1460,11898
1460,11903
1460,11908
1460,11914
1460,11919
1460,11924
1460,11930
1460,11935
1460,11940
1459,11945
1460,11949
1460,11954
1460,11959
1460,11963
1460,11967
1460,11971
1460,11974
1460,11978
1460,11981
1460,11985
1460,11989
1460,11992
1460,11996
1460,11999
1460,12003
1460,12007
1460,12010
1460,12014
1460,12017
1460,12021
1456,12025
1460,12028
1460,12032
1460,12035
1460,12039
1460,12043
1460,12046
1460,12050
1460,12054
1481,12059
1460,12060
1459,12065
1460,12070
1460,12076
1460,12081
1460,12085
1459,12089
1460,12093
1460,12097
1460,12101
1460,12105
1481,12106
1460,12109
1460,12113
1459,12117
1460,12120
1460,12124
1460,12127
1460,12131
1460,12134
1460,12138
1460,12142
1460,12145
1460,12149
1460,12152
1460,12156
1460,12159
1460,12163
1460,12167
1460,12170
1460,12174
1460,12177
1460,12181
1459,12184
1460,12188
1460,12192
1459,12195
1460,12199
1460,12202
1460,12206
1460,12209
1460,12213
1460,12216
1460,12220
1460,12223
1460,12227
1460,12230
1460,12233
1460,12236
1460,12239
1460,12242
1460,12245
1459,12248
1460,12251
1460,12254
1460,12257
1460,12260
1460,12263
1460,12266
1460,12269
1460,12272
1460,12275
1460,12278
1460,12281
1460,12284
1459,12287
1460,12290
1460,12292
1460,12295
1460,12298
1460,12301
1460,12304
1460,12307
1460,12310
1460,12313
1460,12316
1460,12319
1460,12322
1460,12325
1460,12328
1460,12331
1460,12334
1460,12337
1460,12340
1460,12343
1460,12346
1460,12349
1459,12351
1460,12354
1460,12357
1460,12360
1460,12363
1460,12366
1460,12369
1460,12371
1460,12374
1460,12377
1460,12380
1460,12383
1460,12386
1460,12389
1460,12391
1460,12394
1460,12397
1460,12400
1460,12403
1460,12406
1460,12409
1460,12411
1460,12414
1460,12417
1460,12420
1483,12420
1460,12423
1460,12426
1459,12429
1460,12431
1460,12434
1460,12437
1460,12440
1460,12443
1460,12446
1460,12449
1460,12451
1460,12454
1460,12457
1460,12460
1460,12463
1460,12466
1460,12469
1460,12471
1460,12474
1460,12477
1460,12480
1460,12483
1460,12485
1460,12488
1459,12491
1460,12493
1460,12495
1460,12497
1460,12499
1460,12501
1460,12504
1460,12506
1460,12508
1460,12510
1460,12512
1460,12514
1460,12517
1460,12519
1459,12521
1460,12523
1460,12525
1460,12527
1460,12530
1460,12532
1460,12534
1460,12536
1460,12538
1460,12540
1460,12543
1460,12545
1460,12547
1460,12549
1460,12551
1460,12553
1459,12556
1460,12558
1460,12560
1460,12562
1460,12564
1460,12566
1460,12568
1460,12570
1460,12572
1460,12574
1460,12576
1460,12578
1460,12580
1459,12582
1460,12584
1460,12585
1460,12587
1460,12589
1460,12591
1460,12593
1460,12595
1460,12597
1460,12599
1460,12601
1460,12603
1460,12604
1460,12606
1460,12608
1460,12610
1460,12611
1460,12613
1460,12615
1460,12616
1460,12618
1460,12620
1460,12622
1481,12623
1460,12623
1460,12626
1460,12629
1453,12632
1460,12635
1460,12638
1460,12641
1460,12643
1460,12646
1460,12649
1460,12652
1460,12655
1460,12658
1460,12660
1460,12662
1460,12664
1460,12666
1460,12668
1460,12670
1460,12672
1460,12674
1460,12676
1460,12678
1460,12680
1460,12682
1460,12684
1460,12685
1460,12687
1460,12689
1460,12691
1460,12693
1460,12695
1460,12696
1460,12698
1460,12700
1460,12701
1460,12703
1474,12704
1460,12705
1460,12706
1460,12708
1460,12710
1460,12711
1460,12713
1460,12715
1460,12716
1460,12718
1460,12720
1460,12721
1460,12723
1460,12725
1460,12727
1460,12728
1460,12730
1460,12732
1459,12733
1460,12735
1460,12737
1460,12738
1460,12740
1460,12742
1460,12743
1460,12745
1460,12747
1460,12748
1460,12750
1460,12752
1460,12754
1460,12755
1460,12757
1460,12759
1460,12760
1460,12762
1460,12764
1460,12765
1460,12767
1460,12769
1460,12770
1460,12772
1460,12774
1460,12775
1460,12777
1460,12779
1460,12780
1460,12782
1460,12784
1460,12786
1460,12787
1460,12789
1460,12791
1460,12792
1460,12794
1460,12796
1460,12797
1460,12799
1459,12801
1460,12802
1460,12804
1460,12806
1460,12807
1460,12809
1460,12811
1460,12812
1460,12814
1460,12815
1460,12817
1460,12819
1460,12820
1460,12822
1460,12823
1460,12825
1460,12826
1460,12828
1460,12829
1460,12831
1460,12832
1460,12834
1459,12835
1459,12837
1460,12838
1460,12840
1460,12842
1460,12843
1460,12845
1460,12846
1460,12848
1460,12849
1460,12851
1460,12852
1460,12854
1460,12855
1460,12857
1460,12858
1460,12860
1460,12861
1460,12863
1460,12865
1460,12866
1460,12868
1459,12869
1460,12871
1460,12872
1460,12874
1460,12875
1460,12877
1460,12878
1460,12880
1460,12881
1460,12883
1460,12884
1460,12886
1460,12888
1460,12889
1460,12891
1460,12892
1460,12894
1460,12895
1460,12897
1460,12898
1460,12900
1459,12901
1460,12903
1460,12904
1460,12906
1460,12907
1460,12909
1460,12911
1460,12912
1459,12914
1460,12915
1460,12917
1460,12918
1460,12920
1460,12921
1460,12923
1460,12924
1460,12926
1460,12927
1460,12929
1460,12930
1459,12931
1460,12933
1460,12934
1460,12936
1460,12937
1460,12939
1460,12940
1460,12942
1460,12943
1460,12945
1460,12946
1460,12947
1460,12949
1460,12950
1460,12952
1460,12953
1460,12955
1460,12956
1460,12958
1460,12959
1459,12961
1460,12962
1460,12964
1460,12965
1460,12966
1460,12968
1459,12969
1460,12971
1460,12972
1460,12974
1460,12975
1460,12977
1460,12978
1460,12980
1460,12981
1460,12982
1460,12984
1460,12985
1460,12987
1460,12988
1460,12990
1460,12991
1460,12993
1460,12994
1460,12996
1460,12997
1460,12999
1460,13000
1460,13001
1460,13003
1460,13004
1460,13006
1460,13007
1460,13009
1460,13010
1460,13012
1460,13013
1460,13015
1481,13015
1460,13016
1460,13018
1460,13019
1460,13021
1460,13022
1460,13024
1460,13025
1460,13027
1460,13028
1460,13030
1460,13031
1460,13033
1460,13034
1460,13035
1459,13037
1460,13038
1460,13040
1460,13041
1460,13043
1460,13044
1460,13046
1460,13047
1460,13049
1460,13050
1460,13052
1460,13053
1460,13054
1460,13056
1460,13057
1460,13058
1460,13059
1460,13060
1460,13061
1460,13063
1460,13064
1460,13065
1460,13066
1460,13067
1460,13068
1460,13070
1460,13071
1460,13072
1460,13073
1460,13074
1460,13075
1460,13076
1460,13077
1460,13079
1460,13080
1460,13081
1460,13082
1460,13083
1459,13084
1460,13085
1460,13086
1460,13088
1460,13089
1460,13090
1460,13091
1459,13092
1460,13093
1460,13094
1460,13095
1460,13097
1460,13098
1460,13099
1460,13100
1460,13101
1460,13102
1459,13103
1460,13104
1460,13106
1460,13107
1459,13108
1460,13109
1460,13110
1460,13111
1460,13112
1460,13113
1460,13115
1460,13116
1455,13117
1460,13118
1460,13119
1460,13120
1460,13121
1460,13122
1460,13124
1460,13125
1460,13126
1460,13127
1460,13128
1460,13129
1460,13130
1460,13131
1460,13132
1460,13133
1460,13135
1460,13136
1460,13137
1460,13138
1460,13139
1460,13140
1460,13141
1460,13142
1460,13143
1460,13144
1460,13145
1460,13146
1460,13147
1460,13148
1460,13149
1460,13150
1460,13151
1460,13152
1460,13153
1460,13154
1460,13155
1460,13156
1460,13157
1460,13158
1460,13159
1460,13160
1460,13160
1459,13161
1460,13162
1460,13163
1460,13164
1460,13165
1460,13166
1460,13167
1460,13168
1460,13169
1460,13170
1460,13171
1460,13172
1460,13173
1460,13173
1460,13174
1460,13175
1460,13176
1460,13177
1460,13178
1459,13179
1460,13180
1460,13181
1460,13182
1460,13182
1460,13183
1460,13184
1460,13185
1460,13186
1460,13187
1460,13188
1460,13189
1460,13190
1460,13190
1460,13191
1460,13192
1460,13193
1460,13194
1459,13195
1460,13196
1460,13196
1460,13197
1460,13198
1460,13199
1460,13200
1460,13201
1460,13201
1459,13202
1460,13203
1460,13204
1460,13205
1460,13206
1460,13207
1460,13207
1460,13208
1460,13209
1460,13210
1460,13211
1460,13212
1460,13212
1460,13213
1460,13214
1460,13215
1460,13216
1460,13217
1460,13218
1459,13218
1460,13219
1460,13220
1460,13221
1460,13222
1460,13223
1460,13223
1460,13224
1460,13225
1460,13226
1460,13227
1460,13228
1460,13229
1460,13229
1460,13230
1460,13231
1485,13231
1460,13232
1460,13233
1460,13235
1460,13236
1460,13237
1485,13238
1460,13239
1459,13240
1460,13242
1460,13243
1460,13244
1460,13246
1460,13247
1460,13248
1460,13250
1460,13251
1460,13252
1460,13253
1485,13254
1460,13255
1460,13256
1459,13257
1460,13259
1460,13260
1460,13261
1460,13263
1460,13264
1485,13265
1460,13265
1460,13266
1460,13267
1460,13268
1460,13269
1460,13270
1460,13271
1459,13272
1460,13273
1460,13274
1460,13275
1460,13276
1460,13277
1460,13277
1460,13278
1460,13279
1460,13280
1460,13281
1460,13282
1460,13283
1460,13284
1460,13285
1460,13286
1460,13287
1460,13288
1460,13289
1460,13290
1460,13290
1460,13291
1460,13292
1460,13293
1460,13294
1460,13295
1460,13296
1460,13297
1460,13298
1460,13298
1460,13299
1460,13300
1460,13301
1460,13302
1459,13303
1460,13304
1460,13304
1460,13305
1460,13306
1460,13307
1460,13308
1460,13309
1460,13310
1460,13311
1460,13311
1460,13312
1460,13313
1460,13314
1460,13315
1459,13316
1460,13317
1460,13317
1459,13318
1460,13319
1460,13320
1460,13321
1460,13322
1460,13323
2974,13323
1460,13324
1460,13324
1460,13325
1460,13327
1460,13328
1460,13329
1460,13330
1460,13331
1460,13332
1460,13332
1487,13333
1460,13333
1460,13334
1460,13335
1460,13336
1460,13337
1460,13338
1460,13338
1460,13339
1460,13340
1460,13341
1460,13342
1460,13343
1460,13344
1460,13345
1460,13345
1460,13346
1460,13347
1459,13348
1460,13349
1460,13350
1460,13351
1460,13351
1460,13352
1460,13353
1460,13354
1460,13355
1459,13356
1460,13357
1460,13358
1460,13358
1460,13359
1460,13360
1460,13361
1460,13362
1460,13363
1460,13364
1460,13364
1460,13365
1460,13366
1460,13367
1459,13368
1460,13369
1460,13370
1460,13371
1460,13371
1460,13372
1460,13373
1460,13374
1460,13375
1460,13376
1460,13377
1460,13377
1460,13378
1460,13379
1460,13380
1460,13381
1460,13382
1460,13383
1459,13384
1460,13384
1460,13385
1460,13386
1460,13387
1460,13388
1460,13389
1460,13390
1460,13390
1460,13391
1460,13392
1460,13393
1460,13394
1460,13395
1460,13396
1460,13397
1460,13397
1460,13398
1460,13399
1460,13400
1460,13401
1460,13402
1460,13402
1460,13403
1460,13404
1460,13405
1460,13406
1460,13407
1460,13408
1460,13408
1460,13409
1460,13410
1460,13411
1460,13412
1460,13412
1460,13413
1460,13414
1460,13415
1460,13416
1460,13417
1460,13417
1460,13418
1460,13419
1460,13420
1459,13421
1460,13421
1460,13422
1460,13423
1460,13424
1460,13425
1460,13425
1460,13426
1460,13427
1460,13428
1460,13429
1460,13429
1460,13430
1460,13431
1460,13432
1460,13433
1460,13433
1492,13434
1460,13434
1460,13435
1460,13436
1460,13437
1460,13438
1460,13438
1460,13439
1460,13440
1460,13441
1460,13442
1460,13442
1460,13443
1460,13444
1460,13445
1460,13446
1460,13446
1460,13447
1460,13448
1460,13449
1460,13450
1460,13450
1460,13451
1495,13452
1460,13452
1460,13453
1459,13454
1460,13454
1460,13455
1460,13456
1460,13457
1460,13458
1460,13459
1460,13459
1460,13460
1460,13461
1460,13462
1460,13463
1460,13463
1460,13464
1460,13465
1460,13466
1460,13467
1460,13467
1460,13468
1460,13469
1460,13470
1460,13471
1460,13471
1460,13472
1460,13473
1460,13474
1460,13475
1460,13475
1460,13476
1460,13477
1460,13478
1460,13479
1460,13480
1460,13480
1460,13481
1459,13482
1460,13483
1460,13484
1460,13484
1460,13485
1460,13486
1460,13487
1460,13488
1460,13488
1460,13489
1460,13490
1460,13491
1460,13492
1460,13492
1460,13493
1460,13494
1460,13495
1460,13496
1460,13496
1460,13497
1460,13498
1460,13499
1460,13500
1460,13501
1460,13501
1460,13502
1460,13503
1460,13504
1460,13504
1460,13505
1460,13506
1460,13507
1454,13508
1460,13508
1460,13509
1460,13510
1460,13511
1460,13512
1460,13512
1460,13513
1460,13514
1460,13515
1460,13516
1460,13516
1460,13517
1460,13518
1460,13519
1460,13520
1460,13520
1460,13521
1460,13522
1460,13523
1460,13523
1460,13524
1460,13525
1460,13526
1460,13527
1460,13527
1460,13528
1460,13529
1460,13530
1459,13530
1460,13531
1459,13532
1460,13533
1460,13534
1460,13534
1460,13535
1460,13536
1460,13537
1460,13537
1460,13538
1460,13539
1454,13540
1460,13540
1460,13541
1460,13542
1460,13543
1460,13544
1460,13544
1460,13545
1460,13546
1460,13547
1460,13547
1460,13548
1460,13549
1460,13550
1460,13550
1460,13551
1460,13552
1460,13553
1457,13554
1460,13554
1460,13555
1460,13556
1460,13557
1460,13557
1460,13558
1460,13559
1460,13560
1460,13561
1459,13561
1460,13562
1460,13563
1460,13564
1460,13564
1460,13565
1460,13566
1460,13567
1460,13567
1493,13568
1460,13568
1460,13569
1460,13570
1460,13570
1460,13571
1460,13572
1460,13573
1460,13574
1460,13574
1459,13575
1460,13576
1460,13577
1460,13577
1460,13578
1460,13579
1460,13580
1460,13580
1460,13581
1460,13582
1460,13583
1460,13583
1460,13584
1460,13585
1460,13586
1460,13586
1460,13587
1460,13588
1460,13589
1460,13590
1460,13590
1460,13591
1460,13592
1460,13593
1459,13593
1460,13594
1460,13595
1460,13596
1460,13596
1460,13597
1460,13598
1460,13599
1460,13599
1460,13600
1460,13601
1460,13602
1460,13603
1460,13603
1460,13604
1460,13605
1460,13606
1460,13606
1460,13607
1460,13608
1460,13609
1460,13609
1460,13610
1460,13611
1460,13612
1460,13612
1460,13613
1460,13614
1460,13615
1460,13615
1460,13616
1459,13617
1460,13618
1460,13619
1460,13619
1460,13620
1460,13621
1460,13622
1460,13622
1460,13623
1460,13624
1460,13625
1460,13625
1460,13626
1460,13627
1459,13628
1460,13628
1460,13629
1460,13630
1460,13631
1460,13631
1460,13632
1460,13633
1460,13634
1460,13634
1460,13635
1460,13636
1460,13637
1460,13637
1460,13638
1460,13639
1460,13640
1460,13640
1460,13641
1459,13642
1460,13643
1460,13643
1460,13644
1460,13645
1459,13646
1460,13646
1460,13647
1460,13648
1460,13649
1493,13649
1460,13649
1460,13650
1460,13651
1460,13651
1460,13652
1460,13653
1460,13653
1460,13654
1460,13654
1460,13655
1460,13656
1460,13656
1460,13657
1460,13657
1460,13658
1460,13659
1460,13659
1460,13660
1460,13660
1460,13661
1460,13662
1460,13662
1460,13663
1460,13663
1460,13664
1460,13665
1460,13665
1460,13666
1460,13666
1460,13667
1460,13668
1460,13668
1460,13669
1460,13669
1460,13670
1460,13671
1460,13671
1460,13672
1459,13672
1460,13673
1460,13674
1460,13674
1460,13675
1460,13675
1460,13676
1460,13677
1459,13677
1460,13678
1460,13678
1460,13679
1460,13680
1460,13680
1459,13681
1460,13681
1460,13682
1460,13682
1460,13683
1460,13684
1460,13684
1460,13685
1460,13685
1460,13686
1460,13687
1460,13687
1460,13688
1460,13688
1460,13689
1460,13690
1460,13690
1460,13691
1460,13691
1460,13692
1460,13693
1460,13693
1460,13694
1460,13694
1460,13695
1460,13696
1460,13696
1460,13697
1493,13697
1459,13697
1460,13698
1460,13699
1460,13699
1460,13700
1460,13700
1460,13701
1460,13702
1460,13702
1460,13703
1460,13703
1460,13704
1460,13705
1460,13705
1460,13706
1460,13706
1460,13707
1460,13708
1460,13708
1459,13709
1460,13709
1460,13710
1460,13711
1460,13711
1460,13712
1460,13712
1460,13713
1460,13713
1493,13714
1460,13714
1460,13715
1460,13715
1460,13716
1460,13716
1460,13717
1460,13718
1460,13719
1460,13720
1460,13721
1460,13722
1460,13723
1460,13724
1460,13725
1459,13726
1460,13727
1460,13728
1460,13729
1460,13730
1460,13731
1460,13732
1460,13733
1460,13733
1460,13734
1460,13735
1460,13736
1460,13737
1460,13738
1460,13739
1460,13740
1460,13741
1460,13741
1460,13742
1460,13743
1460,13743
1460,13744
1460,13745
1460,13745
1460,13746
1460,13747
1459,13747
1460,13748
1460,13749
1460,13749
1460,13750
1460,13751
1460,13751
1460,13752
1460,13752
1460,13753
1460,13754
1460,13754
1460,13755
1460,13756
1460,13756
1460,13757
1460,13757
1460,13758
1460,13759
1460,13759
1460,13760
1460,13761
1460,13761
1460,13762
1459,13762
1460,13763
1460,13764
1460,13764
1460,13765
1460,13765
1460,13766
1460,13767
1460,13767
1460,13768
1460,13768
1460,13769
1460,13770
1460,13770
1460,13771
1460,13771
1460,13772
1460,13773
1460,13773
1460,13774
1460,13774
1460,13775
1460,13776
1460,13776
1460,13777
1460,13777
1460,13778
1460,13779
1460,13779
1460,13780
1460,13780
1460,13781
1460,13781
1460,13782
1460,13783
1460,13783
1460,13784
1460,13784
1460,13785
1460,13785
1460,13786
1460,13787
1460,13787
1460,13788
1460,13788
1460,13789
1460,13789
1460,13790
1460,13791
1460,13791
1460,13792
1460,13792
1460,13793
1460,13793
1459,13794
1460,13795
1460,13795
1460,13796
1460,13796
1460,13797
1460,13797
1460,13798
1460,13799
1460,13799
1460,13800
1460,13800
1460,13801
1460,13801
1460,13802
1460,13803
1460,13803
1460,13804
1460,13804
1460,13805
1460,13806
1460,13806
1460,13807
1460,13807
1460,13808
1460,13808
1460,13809
1460,13810
1460,13810
1460,13811
1460,13811
1460,13812
1459,13812
1460,13813
1460,13814
1460,13814
1460,13815
1460,13815
1460,13816
1459,13816
1460,13817
1501,13817
1460,13818
1460,13818
1460,13819
1460,13819
1460,13820
1460,13820
1460,13821
1460,13822
1460,13822
1460,13823
1460,13823
1460,13824
1460,13824
1460,13825
1460,13826
1460,13826
1460,13827
1460,13827
1460,13828
1460,13828
1459,13829
1460,13830
1460,13830
1460,13831
1460,13831
1460,13832
1460,13833
1460,13833
1460,13834
1460,13834
1460,13835
1460,13835
1460,13836
1460,13837
1460,13837
1460,13838
1460,13838
1460,13839
1460,13839
1460,13840
1460,13841
1460,13841
1460,13842
1460,13842
1460,13843
1460,13843
1460,13844
1460,13845
1460,13845
1460,13846
1460,13846
1460,13847
1460,13847
1459,13848
1460,13849
1460,13849
1460,13850
1459,13850
1460,13851
1460,13851
1460,13852
1460,13853
1460,13853
1460,13854
1460,13854
1460,13855
1460,13855
1460,13856
1460,13857
1460,13857
1460,13858
1460,13858
1460,13859
1460,13859
1459,13860
1460,13861
1460,13861
1460,13862
1460,13862
1460,13863
1460,13864
1460,13864
1460,13865
1460,13865
1460,13866
1460,13866
1460,13867
1460,13868
1460,13868
1460,13869
1460,13869
1460,13870
1460,13870
1460,13871
1460,13872
1460,13872
1460,13873
1460,13873
1460,13874
1460,13874
1460,13875
1460,13876
1459,13876
1460,13877
1460,13877
1460,13878
1164,13878
1388,13879
1388,13881
1388,13884
1388,13886
1388,13888
1388,13890
1388,13892
702,13894
1388,13896
1388,13898
1388,13900
1388,13902
1388,13904
1388,13906
1388,13909
1388,13911
1505,13911
1388,13913
1388,13915
1388,13917
1388,13919
1388,13921
1388,13923
1388,13925
514,13927
1388,13929
1388,13932
1388,13934
1388,13936
1388,13938
1388,13940
1388,13943
1388,13945
1388,13947
1388,13949
1388,13952
1388,13954
1388,13956
1388,13958
1055,13960
1388,13963
1388,13965
1388,13967
1388,13969
1388,13971
1388,13973
1388,13975
1388,13977
1388,13979
1388,13981
1388,13984
1388,13986
1388,13988
1388,13990
1388,13992
406,13994
1388,13996
1388,13998
1388,14000
1388,14002
1388,14004
1388,14006
1388,14009
1388,14011
1388,14013
1388,14015
1388,14017
1388,14019
1388,14021
1388,14023
1388,14025
429,14027
1388,14029
1388,14032
1388,14034
1388,14036
1388,14038
1388,14040
1388,14043
1388,14045
1388,14047
1388,14049
1388,14052
1388,14054
1388,14056
1388,14058
1123,14060
1388,14063
1388,14065
1388,14067
1388,14069
1388,14072
1388,14074
1388,14076
1388,14078
1388,14080
1388,14083
1388,14085
1388,14087
1388,14089
1388,14092
1189,14094
1388,14096
1388,14098
1388,14100
1388,14103
1388,14105
1388,14107
1388,14109
1388,14112
1388,14114
1388,14116
1388,14118
1388,14120
1388,14123
1388,14125
662,14127
1388,14129
1388,14132
1388,14134
1388,14136
1388,14138
1388,14140
1388,14143
1388,14145
1388,14147
1388,14149
1388,14152
1388,14154
1388,14156
1388,14158
118,14160
1388,14163
1388,14165
1236,14166
1388,14167
1388,14170
1388,14172
1388,14175
1388,14177
1388,14179
1388,14182
1388,14184
1388,14187
1388,14189
1388,14191
883,14194
1388,14196
1388,14198
1388,14201
1388,14203
1388,14206
1388,14208
1388,14210
1388,14213
1388,14215
1388,14217
1388,14220
1388,14222
1388,14225
975,14227
1388,14229
1388,14232
1388,14234
1388,14237
1388,14239
1388,14241
1388,14244
1388,14246
1388,14248
1388,14251
1388,14253
1388,14256
1388,14258
943,14260
1388,14263
1388,14265
1388,14267
1388,14270
1388,14272
1388,14275
1388,14277
1388,14279
1388,14282
1388,14284
1388,14287
1388,14289
1388,14291
1309,14294
1388,14296
1437,14297
1388,14298
1388,14301
1388,14303
1388,14306
1388,14308
1388,14310
1388,14313
1388,14315
1388,14317
1388,14320
1388,14322
1388,14325
1355,14327
1388,14329
1388,14332
1388,14334
1388,14337
1388,14339
1388,14341
1388,14344
1388,14346
1388,14348
1388,14351
1388,14353
1388,14356
1388,14358
1291,14360
1388,14363
1388,14365
1388,14367
1388,14370
1388,14372
1388,14375
1388,14377
1388,14379
1388,14382
1388,14384
1388,14387
1388,14389
1388,14391
1439,14393
1225,14394
1388,14396
1388,14398
1388,14401
1388,14403
1388,14406
1388,14408
1388,14410
1388,14413
1388,14415
1388,14417
1388,14420
1388,14422
1388,14425
999,14427
1388,14429
1388,14432
1388,14434
1388,14437
1388,14439
1388,14441
1388,14444
1388,14446
1388,14448
1388,14451
1388,14453
1388,14456
1388,14458
1250,14460
1388,14463
1388,14465
1388,14467
1388,14470
1388,14472
1388,14475
1388,14477
1388,14479
1388,14482
1388,14484
1388,14487
1388,14489
1388,14491
242,14494
1388,14496
1388,14498
1388,14501
1388,14503
1388,14506
1388,14508
1388,14510
1388,14513
1388,14515
1388,14517
1388,14520
1388,14522
1388,14525
252,14527
1388,14529
1388,14532
1388,14534
1388,14537
1388,14539
1388,14541
1388,14544
1388,14546
1388,14548
1388,14551
1388,14553
1388,14556
1388,14558
1200,14560
1388,14563
1388,14565
1388,14567
1388,14569
1388,14572
1388,14574
1388,14576
1388,14578
1388,14580
1388,14583
1388,14585
1388,14587
1388,14589
1437,14590
1388,14592
487,14594
1388,14596
1388,14598
1388,14600
1388,14603
1388,14605
1388,14607
1388,14609
1388,14612
1388,14614
1388,14616
1388,14618
1388,14620
1388,14623
1388,14625
585,14627
1388,14629
1388,14632
1388,14634
1388,14637
1388,14639
1388,14641
1388,14644
1388,14646
1388,14648
1388,14651
1388,14653
1388,14656
1388,14658
980,14660
1388,14663
1388,14665
1388,14667
1388,14670
1388,14672
1388,14675
1388,14677
1388,14679
1388,14682
1388,14684
1388,14687
1388,14689
1388,14691
1085,14694
1388,14696
1388,14698
1388,14701
1388,14703
1388,14706
1388,14708
1388,14710
1388,14713
1388,14715
1388,14717
1388,14720
1388,14722
1388,14725
1375,14727
1388,14729
1388,14732
1388,14734
1388,14737
1388,14739
1388,14741
1388,14744
1388,14746
1388,14748
1388,14751
1388,14753
1388,14756
1388,14758
814,14760
1388,14763
1388,14765
1388,14767
1388,14770
1388,14772
1388,14775
1388,14777
1388,14779
1388,14782
1388,14784
1388,14787
1388,14789
1388,14791
570,14794
1388,14796
1388,14798
1388,14801
1388,14803
1388,14806
1388,14808
1388,14810
1388,14813
1388,14815
1388,14817
1388,14820
1388,14822
1388,14825
868,14827
1388,14829
1388,14832
1388,14834
1388,14837
1388,14839
1388,14841
1388,14844
1388,14846
1388,14848
1388,14851
1388,14853
1388,14856
1388,14858
184,14860
1388,14863
1388,14865
1388,14868
1388,14870
1388,14873
1388,14876
1388,14878
1388,14881
1388,14883
1388,14886
1388,14888
1388,14891
587,14893
1388,14896
1388,14899
1388,14901
1388,14904
1388,14906
1388,14909
1388,14911
1388,14914
1388,14917
1388,14919
1388,14922
1388,14924
496,14927
1388,14929
1388,14932
1388,14935
1388,14937
1388,14940
1388,14942
1388,14945
1388,14947
1388,14950
1388,14952
1388,14955
1388,14958
240,14960
1388,14963
1388,14965
1388,14968
1388,14971
1388,14974
1388,14977
1388,14979
1388,14982
1388,14985
1388,14988
1388,14990
1222,14993
1388,14996
1388,14999
1388,15001
1388,15004
1388,15006
1388,15009
1388,15011
1388,15014
1388,15017
1388,15019
1388,15022
1388,15024
289,15027
1388,15029
1388,15032
1388,15035
1388,15037
1388,15040
1388,15042
1388,15045
1388,15047
1388,15050
1388,15052
1388,15055
1388,15058
38,15060
1388,15063
1388,15065
1388,15068
1388,15070
1388,15073
1388,15076
1388,15078
1388,15081
1388,15083
1388,15086
1388,15088
1388,15091
570,15093
1388,15096
338,15098
1388,15099
1388,15101
1388,15104
1388,15106
1388,15109
1388,15111
1388,15114
1388,15117
1388,15119
1388,15122
1388,15124
99,15127
1388,15129
1388,15132
1388,15135
1388,15138
1388,15140
1388,15143
1388,15146
1388,15149
1388,15152
1388,15154
1388,15157
577,15160
1388,15163
1388,15165
1388,15168
1388,15171
1388,15174
1388,15177
1388,15179
1388,15182
1388,15185
1388,15188
1388,15190
1356,15193
1388,15196
1388,15199
1388,15202
1388,15204
1388,15207
1388,15210
1388,15213
1388,15215
1388,15218
1388,15221
1388,15224
1246,15227
1388,15229
1388,15232
1388,15235
1388,15237
1388,15240
1388,15242
1388,15245
1388,15247
1388,15250
1388,15252
1388,15255
1388,15258
186,15260
1388,15263
1388,15265
1388,15268
1388,15271
1388,15274
1388,15277
1388,15279
1388,15282
1388,15285
1388,15288
1388,15290
1030,15293
1388,15296
1388,15299
1388,15302
1388,15304
1388,15307
1388,15310
1388,15313
1388,15315
1388,15318
1388,15321
1388,15324
895,15327
1388,15329
1388,15332
1388,15335
1388,15338
1388,15342
1388,15345
1388,15348
1388,15351
1388,15354
1388,15357
1260,15360
1388,15363
1388,15366
1388,15369
1388,15372
1388,15375
1388,15378
1388,15381
1388,15384
1388,15387
1388,15390
571,15393
1388,15396
1388,15399
1388,15402
1388,15405
1388,15408
1388,15411
1388,15414
1388,15417
1388,15420
1388,15423
442,15426
1388,15429
1388,15432
1388,15435
1388,15438
1388,15442
1388,15445
1388,15448
1388,15451
1388,15454
1388,15457
888,15460
1388,15463
1388,15465
1388,15468
1388,15471
1388,15474
1388,15477
1388,15479
1388,15482
1388,15485
1388,15488
1388,15490
94,15493
1388,15496
1388,15499
1388,15502
1388,15504
1388,15507
1388,15510
1388,15513
1388,15515
1388,15518
1388,15521
1388,15524
849,15527
1388,15529
1388,15532
1388,15535
1388,15537
1388,15540
1388,15542
1388,15545
1388,15547
1388,15550
1388,15552
1388,15555
1388,15558
54,15560
1388,15563
1388,15565
1388,15568
1388,15570
1388,15573
1388,15576
1388,15578
1388,15581
1388,15583
1388,15586
1388,15588
1388,15591
173,15593
1388,15596
1388,15599
1388,15601
1388,15604
1388,15606
1388,15609
1388,15611
1388,15614
1388,15617
1388,15619
1388,15622
1388,15624
62,15627
1388,15629
1388,15632
1388,15635
1388,15638
1388,15640
1388,15643
1388,15646
1388,15649
1388,15652
1388,15654
1388,15657
1194,15660
1388,15663
1388,15665
1388,15668
1388,15671
1388,15674
1388,15677
1388,15679
1388,15682
1388,15685
1388,15688
1388,15690
782,15693
1388,15696
1388,15699
1388,15702
1388,15705
1388,15708
1388,15711
1388,15714
1388,15717
1388,15720
1388,15723
1285,15726
1388,15729
1388,15732
1388,15735
1388,15738
1388,15740
1388,15743
1388,15746
1388,15749
1388,15752
1388,15754
1388,15757
221,15760
1388,15763
1388,15765
1388,15768
1388,15770
1388,15773
1388,15776
1388,15778
1388,15781
1388,15783
1388,15786
1388,15788
1388,15791
55,15793
1388,15796
1388,15799
1388,15801
1388,15804
1388,15806
1388,15809
1388,15811
1388,15814
1388,15817
1388,15819
1388,15822
1388,15824
84,15827
1388,15829
1388,15832
1388,15835
1388,15838
1388,15840
1388,15843
1388,15846
1388,15849
1388,15852
1388,15854
1388,15857
1381,15860
1388,15863
1388,15865
1388,15868
1388,15871
1388,15874
1388,15877
1388,15879
1388,15882
1388,15885
1388,15888
1388,15890
767,15893
1388,15896
1388,15899
1388,15902
1388,15904
1388,15907
1388,15910
1388,15913
1388,15915
1388,15918
1388,15921
1388,15924
1261,15927
1388,15929
1388,15932
1388,15935
1388,15938
1388,15940
1388,15943
1388,15946
1388,15949
1388,15952
1388,15954
1388,15957
175,15960
1388,15963
1388,15966
1388,15969
1388,15972
1388,15975
1388,15978
1388,15981
1388,15984
1388,15987
1388,15990
1342,15993
1388,15996
1388,15999
1388,16002
1388,16004
1388,16007
1388,16010
1388,16013
1388,16015
1388,16018
1388,16021
1388,16024
858,16027
1388,16029
1388,16032
1388,16035
1388,16038
1388,16040
1388,16043
1388,16046
1388,16049
1388,16052
1388,16054
1388,16057
332,16060
1388,16063
1388,16065
1388,16068
1388,16071
1388,16074
1388,16077
1388,16079
1388,16082
1388,16085
1388,16088
1388,16090
413,16093
1388,16096
1388,16099
1388,16102
1388,16104
1388,16107
1388,16110
1388,16113
1388,16115
1388,16118
1388,16121
1388,16124
1020,16127
1388,16129
1388,16132
1388,16135
1388,16138
1388,16140
1388,16143
1388,16146
1388,16149
1388,16152
1388,16154
1388,16157
294,16160
1388,16163
1388,16166
1388,16169
1388,16172
1388,16175
1388,16178
1388,16181
1388,16184
1388,16187
1388,16190
698,16193
1388,16196
1388,16199
1388,16203
1388,16206
1388,16209
1388,16213
1388,16216
1388,16219
1388,16223
1382,16226
1388,16229
1388,16233
1388,16237
1388,16240
1388,16244
1388,16248
1388,16252
1388,16255
1252,16259
1388,16263
1388,16266
1388,16270
1388,16274
1388,16278
1388,16281
1388,16285
1388,16289
877,16292
1388,16296
1388,16300
1388,16303
1388,16307
1388,16311
1388,16315
1388,16318
1388,16322
1006,16326
1388,16329
1388,16333
1388,16337
1388,16340
1388,16344
1388,16348
1388,16352
1388,16355
892,16359
1388,16363
1388,16366
1388,16370
1388,16374
1388,16378
1388,16381
1388,16385
1388,16389
165,16392
1388,16396
1388,16400
1388,16403
1388,16407
1388,16411
1388,16415
1388,16418
1388,16422
634,16426
1388,16429
1388,16433
1388,16437
1388,16440
1388,16444
1388,16448
1388,16452
1388,16455
143,16459
1388,16463
1388,16466
1388,16469
1388,16473
1388,16476
1388,16479
1388,16483
1445,16485
1388,16486
1388,16489
726,16493
1388,16496
1388,16499
1388,16503
1388,16506
1388,16509
1388,16513
1388,16516
1388,16519
1388,16523
460,16526
1388,16529
1388,16533
1388,16536
1388,16539
1388,16543
1388,16546
1388,16549
1388,16553
1388,16556
399,16559
1388,16563
1388,16566
1388,16569
1388,16573
1388,16576
1388,16579
1388,16583
1388,16586
1388,16589
233,16593
1388,16596
1388,16599
1388,16603
1388,16606
1388,16609
1388,16613
1388,16616
1388,16619
1388,16623
576,16626
1388,16629
1388,16633
1388,16636
1388,16639
1388,16643
1388,16646
1388,16649
1388,16653
1388,16656
1094,16659
1388,16663
1388,16666
1388,16670
1388,16674
1388,16678
1388,16681
1388,16685
1388,16689
1004,16692
1388,16696
1388,16700
1388,16704
1388,16709
1388,16713
1388,16717
1388,16721
316,16725
1388,16729
1388,16733
1388,16737
1388,16740
1388,16744
1388,16748
1388,16752
1388,16755
1013,16759
1388,16763
1388,16766
1388,16770
1388,16774
1388,16778
1388,16781
1388,16785
1388,16789
868,16792
1388,16796
1388,16800
1388,16804
1388,16809
1388,16813
1388,16817
1388,16821
103,16825
1388,16829
1388,16834
1388,16839
1388,16844
1388,16848
1388,16853
59,16858
1388,16863
1388,16868
1388,16874
1388,16879
1447,16884
1388,16885
322,16890
1388,16896
1388,16903
1388,16909
1388,16916
1017,16923
1388,16929
1388,16940
1447,16948
419,16952
0,16962
1388,16963
1388,16966
1388,16969
1388,16972
1388,16975
1388,16978
1388,16981
1388,16984
1388,16987
1388,16990
584,16993
1388,16996
174,17013
0,17023
1388,17029
713,17046
1388,17063
843,17079
1388,17096
0,17106
0,17109
975,17113
1388,17129
941,17146
0,17156
1388,17163
1139,17179
0,17189
1388,17196
1233,17213
1388,17229
0,17239
1253,17246
0,17256
1388,17263
1276,17279
1388,17296
0,17311
1292,17313
0,17329
1388,17329
0,17339
1388,17340
42,17352
1388,17363
1388,17374
17,17385
1388,17396
0,17406
1388,17407
0,17417
114,17418
0,17428
1388,17429
1388,17440
367,17452
1388,17463
1388,17474
115,17485
0,17495
1388,17496
1388,17507
272,17518
1388,17529
1388,17540
0,17550
179,17552
1388,17563
1388,17574
329,17585
1388,17596
1388,17607
1447,17615
468,17618
0,17628
1388,17633
1388,17640
342,17652
1388,17663
1388,17674
0,17684
275,17685
1388,17696
0,17706
1388,17707
739,17718
1388,17729
1388,17740
474,17752
1388,17763
1388,17774
546,17785
0,17795
1388,17796
0,17806
1388,17807
646,17818
1388,17829
1388,17840
700,17852
1388,17863
0,17873
1388,17874
603,17885
1388,17896
1388,17907
857,17918
1388,17929
1388,17940
763,17952
1388,17963
0,17973
1388,17974
0,17984
902,17985
1388,17996
1388,18007
935,18018
1388,18029
1388,18040
0,18050
1224,18052
1388,18063
1388,18071
1388,18079
57,18088
1388,18096
0,18106
1388,18107
978,18118
0,18128
1388,18129
1388,18140
1215,18152
1388,18163
0,18173
1388,18174
1281,18185
1388,18196
1388,18204
1388,18213
61,18221
1388,18229
1388,18240
1317,18252
1388,18263
1388,18274
0,18284
1361,18285
1388,18296
1388,18307
921,18318
1388,18329
0,18339
1388,18340
1196,18352
1388,18363
1388,18374
1180,18385
1388,18396
1388,18407
1169,18418
1388,18429
0,18439
1388,18440
0,18450
925,18452
1388,18463
0,18473
1388,18474
1345,18485
0,18495
1388,18496
1388,18507
1355,18518
1388,18529
1388,18540
0,18550
979,18552
1388,18563
1388,18574
753,18585
1388,18596
0,18606
1388,18607
899,18618
1388,18629
1388,18640
841,18652
1388,18663
1388,18674
929,18685
1388,18696
0,18706
1388,18707
0,18717
809,18718
1388,18729
1388,18740
1025,18752
1388,18763
1388,18774
0,18784
1217,18785
1388,18796
1388,18807
1088,18818
1388,18829
0,18839
1388,18840
1356,18852
0,18862
1388,18863
1388,18874
1369,18885
1388,18896
1388,18904
1388,18913
153,18921
1388,18929
1388,18938
1388,18946
335,18954
1388,18963
1388,18971
1388,18979
218,18988
1388,18996
1388,19004
1388,19013
210,19021
1388,19029
1388,19038
1388,19046
11,19054
1388,19063
1388,19071
1388,19079
411,19088
1388,19096
1388,19104
1388,19113
504,19121
1388,19129
1388,19138
1388,19146
766,19154
1388,19163
1388,19171
1388,19179
1033,19188
1388,19196
1388,19204
1388,19213
886,19221
1388,19229
1388,19238
1388,19246
700,19254
1388,19263
1388,19271
1388,19279
638,19288
1388,19296
1388,19304
1388,19313
188,19321
1388,19329
1388,19338
1388,19346
236,19354
1388,19363
1388,19374
1269,19385
0,19395
1388,19396
0,19406
1388,19407
1308,19418
1388,19429
1388,19440
1053,19452
1388,19463
0,19473
0,19473
1388,19474
1237,19485
0,19495
1388,19496
1388,19507
0,19517
1200,19518
1388,19529
1388,19540
0,19550
861,19552
1388,19563
1388,19574
732,19585
0,19595
1388,19596
0,19606
1388,19607
1281,19618
1388,19629
1388,19640
0,19650
1126,19652
1388,19663
1388,19674
1288,19685
1388,19696
1388,19707
1068,19718
1388,19729
1388,19740
1252,19752
1388,19763
1388,19774
0,19784
1315,19785
0,19795
1388,19796
1388,19807
1280,19818
1388,19829
1388,19840
0,19850
1337,19852
1388,19863
1388,19871
1388,19879
21,19888
1388,19896
1388,19904
1388,19913
353,19921
1388,19929
1388,19938
1388,19946
454,19954
1388,19963
1388,19971
1388,19979
501,19988
1388,19996
