777,1065
0,1075
962,1097
0,1107
1116,1131
1298,1164
0,1174
0,1195
1344,1197
1243,1231
817,1264
0,1293
0,1294
957,1297
967,1331
1145,1364
319,1397
0,1429
1386,1431
1386,1433
1386,1436
1386,1439
1388,1442
1388,1444
1388,1447
1388,1450
1388,1453
1388,1456
1388,1458
791,1461
1388,1464
1388,1466
1388,1468
1388,1470
1388,1472
1388,1474
1388,1476
1388,1479
1388,1481
1388,1483
1388,1485
1388,1487
1388,1489
1388,1491
1388,1493
99,1495
1388,1497
1388,1499
1388,1501
1388,1504
1388,1506
1388,1508
1388,1510
1388,1512
1388,1514
1388,1516
1388,1518
1388,1520
1388,1522
1388,1524
1388,1526
962,1529
1388,1531
1388,1533
1388,1535
1388,1537
1388,1539
1388,1542
1388,1544
1388,1546
1388,1548
1388,1551
1388,1553
1388,1555
1388,1557
1388,1559
952,1562
1388,1564
1388,1567
1401,1569
1388,1570
1388,1572
1388,1575
1388,1578
1388,1581
1388,1583
1388,1586
1388,1589
1388,1592
281,1594
1388,1597
998,1614
1388,1631
1388,1633
1388,1636
1388,1638
1388,1641
1388,1643
1388,1646
1388,1649
1388,1651
1388,1654
1388,1656
1388,1659
711,1661
1388,1664
1388,1665
1388,1667
1388,1668
1388,1670
1388,1671
1388,1673
1388,1674
1388,1676
1388,1677
1388,1678
1388,1680
1388,1681
1388,1683
1388,1684
1388,1686
1388,1687
1388,1689
1388,1690
1388,1691
1388,1693
1388,1694
322,1696
1388,1697
1388,1698
1388,1699
1388,1701
1388,1702
1388,1703
1388,1704
1388,1705
1460,1709
1460,1710
1460,1711
1460,1717
1460,1718
1460,1718
1460,1724
1460,1725
1460,1730
1460,1731
1460,1732
1460,1734
1460,1735
1460,1736
1460,1739
1460,1739
1460,1740
1460,1743
1460,1744
1460,1745
1460,1747
1460,1748
1460,1752
1460,1752
1460,1753
1460,1756
1460,1757
1460,1758
1460,1761
1460,1761
1460,1764
1460,1764
1460,1765
1460,1767
1460,1768
1460,1768
1460,1773
1460,1774
1460,1774
1460,1781
1459,1781
1460,1782
1460,1788
1460,1788
1460,1794
1460,1795
1460,1795
1460,1798
1460,1799
1460,1799
1460,1803
1460,1803
1460,1804
1460,1807
1460,1808
1460,1808
1460,1811
1460,1811
1460,1816
1460,1816
1460,1817
1460,1820
1460,1821
1460,1821
1460,1824
1460,1825
1460,1826
1459,1828
1460,1829
1460,1829
1460,1832
1460,1832
1460,1833
1473,1838
1460,1838
1460,1839
1460,1839
1460,1845
1460,1846
1460,1857
1460,1858
1460,1858
1460,1861
1460,1862
1460,1863
1460,1866
1460,1866
1460,1867
1460,1870
1456,1871
1460,1871
1460,1874
1460,1874
1460,1875
1460,1879
1460,1880
1460,1883
1460,1884
1459,1884
1460,1888
1460,1888
1460,1889
1460,1891
1460,1892
1460,1893
1460,1895
1460,1895
1460,1896
1460,1901
1460,1901
1460,1902
1460,1903
1460,1903
1460,1904
1460,1914
1460,1919
1460,1921
1460,1922
1460,1923
1455,1926
1460,1927
1460,1927
1460,1930
1460,1931
1460,1931
1460,1935
1460,1935
1460,1936
1460,1938
1460,1939
1460,1939
1460,1947
1460,1947
1460,1948
1460,1951
1460,1951
1460,1952
1460,1955
1460,1955
1460,1956
1460,1958
1460,1959
1460,1959
1460,1960
1459,1962
1460,1962
1460,1965
1460,1966
1460,1966
1460,1967
1460,1968
1460,1968
1460,1985
1460,1985
1460,1986
1460,1989
1460,1990
1460,1990
1460,1991
1460,1992
1460,1995
1460,1995
1460,1996
1460,1999
1460,2000
1460,2000
1459,2003
1460,2003
1460,2004
1460,2010
1460,2011
1460,2015
1459,2015
1460,2016
1460,2018
1460,2019
43,2019
1118,2031
0,2041
1473,2055
848,2082
696,2097
0,2114
0,2124
977,2131
947,2164
902,2197
0,2207
0,2227
856,2231
0,2262
1271,2264
0,2274
0,2290
1345,2297
0,2307
1388,2331
85,2347
1388,2364
208,2381
1388,2397
44,2414
0,2429
1388,2431
0,2441
192,2447
1388,2464
158,2481
0,2495
1388,2497
0,2513
272,2514
0,2524
1388,2531
141,2547
1388,2564
0,2574
506,2581
0,2597
1388,2597
0,2607
535,2614
1388,2631
505,2647
0,2657
1388,2664
577,2681
1388,2697
571,2714
1388,2731
765,2752
0,2762
0,2762
1388,2764
737,2785
1388,2797
886,2827
1388,2831
0,2841
0,2847
905,2847
1388,2873
943,2881
1388,2904
811,2914
1388,2944
1275,2947
1388,2977
1269,2981
0,2991
1388,3007
1460,3032
1460,3053
1318,3055
1460,3095
1460,3105
1460,3115
1252,3118
1460,3168
1460,3170
1460,3188
1460,3251
1460,3253
1460,3255
1460,3265
1460,3275
1460,3318
1460,3353
1452,3363
1460,3373
1460,3436
1460,3446
1460,3456
1459,3519
1460,3537
1460,3555
1460,3592
1460,3602
1460,3617
1460,3627
1460,3680
1460,3690
1460,3700
1460,3763
1460,3773
1460,3783
1460,3847
1460,3857
1460,3868
1460,3920
1460,3938
1460,3956
1460,4008
1460,4021
1460,4044
1460,4054
1460,4064
1460,4127
1460,4137
1460,4147
1460,4197
1460,4225
1460,4235
1460,4245
1460,4308
1460,4318
1460,4328
1460,4392
1460,4411
1460,4430
1460,4470
1460,4484
1459,4494
1460,4557
1460,4567
1460,4577
1460,4640
1460,4659
1460,4677
1460,4714
1460,4724
1460,4738
1460,4748
1460,4802
1460,4812
1459,4822
1460,4885
1460,4895
1460,4905
1460,4968
1460,4988
1460,5007
1460,5046
1460,5061
1460,5071
1460,5134
1460,5144
1460,5154
1460,5207
1460,5217
1460,5227
1460,5290
1460,5310
1460,5326
1460,5378
1460,5388
1460,5398
1460,5462
1460,5472
1460,5482
1460,5545
1460,5564
1460,5584
1460,5623
1460,5638
1459,5648
1460,5726
1460,5736
1460,5746
1483,5809
1460,5826
1460,5854
1460,5897
1459,5907
1460,5917
1460,5977
1460,5998
1460,6015
1460,6025
1460,6065
1460,6104
1460,6114
1460,6124
1483,6187
1460,6197
1460,6207
1460,6270
1460,6290
1460,6311
1460,6343
1460,6353
1460,6399
1460,6409
1460,6419
1459,6476
1460,6486
1460,6496
1483,6560
1460,6570
1460,6580
1460,6643
1460,6663
1460,6684
1460,6716
1460,6726
1460,6772
1460,6782
1460,6792
1460,6855
1460,6865
1460,6875
1459,6938
1460,6965
1460,6992
1460,7019
1460,7036
1460,7046
1460,7090
1460,7100
1460,7134
1460,7144
1460,7154
1460,7218
1460,7228
1460,7238
1460,7291
1460,7301
1460,7320
1460,7379
1460,7389
1460,7399
1460,7462
1460,7472
1460,7482
1460,7535
1460,7555
1460,7570
1460,7585
1460,7624
1460,7650
1460,7669
1460,7712
1460,7722
1460,7732
1460,7801
1460,7820
1460,7830
1483,7889
1455,7909
1460,7928
1460,7938
1460,7977
1460,8016
1460,8026
1460,8036
1483,8100
1460,8110
1460,8120
1460,8163
1460,8198
1460,8208
1460,8218
1459,8281
1460,8291
1460,8301
1460,8354
1460,8371
1460,8384
1460,8399
1460,8442
1460,8472
1460,8482
1460,8492
1460,8555
1460,8565
1460,8575
1460,8629
1460,8650
1460,8660
1460,8674
1460,8717
1460,8748
1460,8758
1460,8768
1459,8831
1460,8841
1460,8851
1460,8904
1460,8925
1460,8935
1460,8949
1460,8992
1460,9023
1460,9033
1460,9043
1460,9106
1460,9116
1460,9126
1460,9189
1460,9210
1460,9273
1483,9277
1460,9287
1460,9297
1460,9351
1459,9371
1460,9392
1460,9402
1460,9412
1460,9475
1460,9485
1460,9495
1460,9558
1460,9584
1460,9610
1460,9646
1460,9656
1460,9666
1460,9708
1460,9718
1460,9737
1460,9755
1460,9770
1459,9825
1460,9835
1460,9845
1460,9913
1460,9933
1460,9996
1482,10001
1460,10011
1460,10021
1460,10041
1460,10075
1460,10110
1460,10120
1460,10130
1460,10193
1460,10203
1460,10213
1460,10276
1460,10289
1460,10301
1460,10364
1460,10374
1460,10384
1459,10438
1460,10450
1460,10465
1460,10526
1460,10536
1460,10546
1460,10609
1460,10619
1460,10629
1460,10682
1460,10703
1460,10719
1460,10770
1460,10780
1460,10790
1460,10854
1460,10864
1460,10874
1460,10937
1460,10953
1460,10968
1460,11010
1460,11025
1460,11056
1460,11066
1460,11076
1460,11140
1460,11150
1460,11160
1460,11223
1460,11242
1460,11261
1460,11296
1460,11315
1460,11349
1460,11359
1460,11369
1460,11432
1460,11442
1460,11452
1459,11477
1460,11502
1460,11528
1460,11547
1460,11565
1460,11575
1460,11594
1460,11611
1460,11627
1460,11644
1460,11661
1460,11671
1459,11687
1460,11704
1460,11720
1460,11730
1460,11740
1460,11756
1460,11773
1460,11789
1460,11803
1460,11813
1460,11827
1459,11842
1460,11852
1460,11863
1460,11873
1460,11884
1460,11894
1460,11904
1460,11914
1460,11925
1460,11936
1460,11946
1460,11957
1460,11968
1460,11977
1460,11986
1460,11996
1460,12005
1460,12015
1460,12024
1460,12033
1460,12041
1460,12048
1460,12056
1460,12063
1460,12071
1460,12078
1460,12086
1460,12093
1460,12100
1460,12108
1460,12115
1460,12122
1460,12129
1460,12137
1460,12144
1460,12151
1460,12158
1460,12165
1460,12170
1460,12175
1456,12180
1460,12185
1460,12190
1460,12195
1460,12200
1460,12205
1460,12210
1460,12214
1460,12219
1460,12224
1460,12229
1460,12234
1460,12239
1460,12244
1487,12248
1460,12249
1460,12258
1460,12266
1460,12274
1460,12282
1460,12290
1460,12295
1460,12301
1459,12306
1460,12311
1460,12316
1460,12321
1460,12326
1460,12331
1460,12336
1460,12341
1460,12346
1460,12351
1460,12355
1460,12360
1460,12365
1460,12370
1460,12375
1460,12380
1460,12385
1460,12390
1460,12395
1460,12400
1460,12404
1459,12409
1460,12414
1460,12419
1460,12424
1487,12428
1460,12429
1460,12434
1460,12439
1460,12444
1460,12449
1460,12453
1460,12458
1460,12463
1460,12468
1460,12473
1460,12478
1460,12483
1460,12488
1460,12493
1460,12497
1460,12502
1460,12506
1460,12511
1460,12515
1459,12520
1460,12524
1460,12527
1460,12531
1460,12535
1460,12539
1460,12543
1460,12547
1460,12551
1460,12555
1460,12559
1460,12563
1460,12567
1460,12571
1460,12575
1454,12579
1460,12583
1460,12587
1460,12590
1460,12594
1460,12598
1460,12602
1460,12606
1460,12610
1460,12614
1460,12617
1460,12621
1460,12625
1460,12629
1460,12632
1460,12636
1460,12640
1460,12643
1487,12646
1460,12647
1460,12651
1479,12658
1460,12661
1460,12665
1460,12669
1460,12672
1460,12676
1460,12680
1460,12683
1460,12687
1460,12691
1460,12695
1460,12698
1460,12702
1460,12705
1460,12708
1460,12711
1460,12714
1459,12717
1460,12720
1460,12722
1460,12725
1460,12728
1460,12731
1460,12734
1460,12737
1460,12740
1460,12743
1460,12746
1460,12749
1460,12752
1460,12754
1460,12757
1460,12760
1460,12763
1460,12766
1460,12769
1460,12772
1460,12775
1460,12777
1460,12780
1460,12783
1460,12786
1460,12788
1460,12791
1459,12793
1460,12795
1460,12798
1460,12800
1460,12803
1460,12805
1460,12808
1485,12809
1460,12810
1460,12814
1460,12818
1460,12822
1460,12826
1460,12830
1460,12834
1460,12838
1460,12842
1460,12846
1460,12850
1460,12853
1460,12856
1460,12859
1459,12862
1460,12864
1460,12867
1460,12869
1460,12872
1460,12874
1460,12877
1460,12879
1460,12882
1460,12885
1460,12887
1460,12890
1460,12892
1460,12895
1459,12897
1460,12900
1460,12902
1460,12905
1460,12907
1460,12910
1460,12912
1460,12915
1460,12917
1460,12920
1460,12922
1460,12925
1460,12928
1460,12930
1460,12933
1460,12935
1460,12938
1459,12940
1460,12943
1460,12945
1460,12948
1460,12950
1460,12953
1460,12955
1485,12958
1460,12958
1460,12960
1460,12963
1460,12966
1460,12968
1460,12971
1460,12973
1460,12976
1460,12978
1487,12981
1460,12981
1460,12983
1460,12986
1460,12988
1460,12991
1460,12993
1460,12996
1460,12998
1460,13001
1460,13004
1460,13006
1460,13009
1460,13011
1460,13014
1460,13016
1460,13019
1460,13021
1460,13024
1459,13026
1460,13029
1460,13031
1460,13034
1460,13036
1459,13039
1460,13041
1460,13044
1460,13046
1460,13049
1487,13049
1460,13051
1460,13053
1460,13055
1460,13058
1460,13060
1460,13062
1459,13064
1460,13067
1460,13069
1460,13071
1460,13073
1460,13076
1460,13078
1460,13080
1460,13082
1460,13084
1460,13087
1460,13089
1460,13091
1460,13093
1460,13096
1460,13098
1460,13100
1460,13102
1460,13104
1460,13107
1460,13109
1460,13111
1460,13113
1460,13115
1460,13118
1460,13120
1460,13122
1460,13124
1460,13127
1460,13129
1460,13131
1460,13133
1460,13135
1460,13138
1460,13140
1460,13142
1460,13144
1460,13147
1460,13149
1460,13151
1459,13153
1460,13155
1460,13158
1460,13160
1460,13162
1460,13164
1460,13166
1460,13169
1460,13171
1460,13173
1460,13175
1460,13177
1460,13179
1460,13181
1460,13183
1460,13185
1460,13187
1460,13188
1460,13190
1460,13192
1460,13194
1460,13196
1460,13198
1460,13200
1460,13202
1460,13204
1460,13206
1460,13208
1460,13210
1460,13212
1460,13214
1460,13216
1460,13218
1460,13220
1460,13222
1485,13223
1460,13224
1460,13226
1460,13228
1460,13230
1460,13232
1459,13234
1460,13236
1460,13238
1460,13240
1460,13242
1460,13244
1485,13244
1459,13246
1460,13247
1460,13249
1460,13250
1460,13252
1460,13253
1460,13255
1460,13257
1460,13258
1460,13260
1460,13261
1485,13262
1460,13263
1460,13264
1460,13266
1460,13268
1460,13269
1460,13271
1459,13272
1460,13274
1460,13275
1460,13277
1460,13279
1460,13280
1460,13282
1460,13283
1460,13285
1460,13286
1460,13288
1460,13290
1460,13291
1460,13293
1460,13294
1460,13296
1460,13297
1460,13299
1460,13301
1460,13302
1460,13304
1459,13305
1460,13307
1460,13308
1460,13310
1460,13311
1460,13313
1460,13314
1460,13316
1460,13317
1460,13319
1460,13320
1460,13321
1460,13323
1460,13324
1460,13325
1460,13327
1460,13328
1460,13329
1460,13331
1460,13332
1460,13333
1460,13335
1460,13336
1460,13337
1460,13338
1460,13340
1460,13341
1460,13342
1460,13343
1459,13345
1460,13346
1460,13347
1460,13348
1460,13349
1460,13351
1460,13352
1460,13353
1460,13354
1460,13355
1460,13357
1460,13358
1460,13359
1460,13360
1460,13362
1460,13363
1460,13364
1460,13365
1485,13365
1460,13366
1460,13368
1460,13370
1460,13372
1460,13374
1460,13377
1460,13379
1460,13381
1460,13383
1460,13385
1460,13387
1460,13389
1460,13391
1456,13393
1459,13395
1460,13396
1460,13398
1460,13399
1460,13400
1459,13402
1460,13403
1460,13405
1460,13406
1460,13408
1460,13409
1460,13410
1460,13412
1460,13413
1460,13415
1460,13416
1460,13417
1460,13419
1460,13420
1460,13422
1460,13423
1460,13424
1460,13425
1460,13427
1460,13428
1460,13429
1460,13431
1460,13432
1460,13433
1460,13434
1460,13436
1460,13437
1460,13438
1460,13440
1460,13441
1460,13442
1460,13443
1460,13445
1460,13446
1460,13447
1460,13448
1460,13450
1460,13451
1460,13452
1460,13454
1460,13455
1460,13456
1460,13457
1460,13459
1460,13460
1460,13461
1460,13462
1460,13464
1460,13465
1460,13466
1460,13468
1460,13469
1460,13470
1460,13471
1460,13473
1460,13474
1460,13475
1460,13476
1460,13478
1460,13479
1460,13480
1460,13482
1460,13483
1460,13484
1460,13485
1460,13487
1460,13488
1460,13489
1460,13490
1460,13492
1460,13493
1459,13494
1460,13496
1460,13497
1460,13498
1460,13499
1460,13501
1460,13502
1460,13503
1460,13504
1460,13506
1459,13507
1460,13508
1460,13510
1459,13511
1460,13512
1460,13513
1460,13515
1460,13516
1460,13517
1460,13518
1459,13520
1460,13521
1460,13522
1460,13524
1460,13525
1460,13526
1459,13527
1460,13529
1460,13530
1460,13531
1460,13532
1459,13534
1460,13535
1460,13536
1460,13538
1459,13539
1460,13540
1460,13541
1460,13543
1460,13544
1460,13545
1460,13546
1460,13547
1460,13549
1460,13550
1460,13551
1460,13552
1460,13553
1460,13555
1460,13556
1460,13557
1460,13558
1460,13559
1460,13561
1460,13562
1460,13563
1460,13564
1460,13565
1460,13567
1460,13568
1489,13569
1460,13569
1460,13570
1460,13571
1460,13573
1460,13574
1460,13575
1460,13576
1460,13577
1460,13578
1460,13580
1459,13581
1460,13582
1460,13583
1460,13584
1460,13586
1460,13587
1460,13588
1460,13589
1460,13590
1489,13591
1460,13592
1460,13593
1460,13594
1460,13595
1460,13596
1460,13598
1460,13599
1460,13600
1460,13601
1460,13602
1460,13604
1460,13605
1460,13606
1460,13607
1460,13608
1460,13610
1460,13611
1460,13612
1460,13613
1460,13614
1460,13616
1460,13617
1460,13618
1460,13619
1460,13620
1460,13622
1460,13623
1460,13624
1459,13625
1460,13626
1460,13628
1460,13629
1460,13630
1454,13631
1460,13632
1460,13634
1460,13635
1460,13636
1460,13637
1460,13638
1460,13639
1460,13641
1460,13642
1459,13643
1460,13644
1460,13645
1459,13647
1460,13648
1460,13649
1460,13650
1460,13651
1460,13652
1460,13653
1460,13654
1460,13656
1460,13657
1460,13658
1460,13659
1460,13660
1460,13661
1460,13662
1460,13663
1460,13664
1460,13665
1460,13666
1460,13667
1460,13668
1460,13670
1460,13671
1460,13672
1460,13673
1460,13674
1459,13675
1460,13676
1460,13677
1460,13678
1460,13679
1460,13680
1460,13681
1495,13682
1460,13683
1460,13684
1460,13685
1460,13686
1460,13687
1460,13688
1460,13689
1460,13690
1460,13691
1460,13692
1460,13693
1460,13694
1460,13696
1460,13697
1460,13698
1459,13699
1460,13700
1460,13701
1460,13702
1460,13703
1460,13704
1460,13705
1460,13706
1460,13707
1460,13708
1460,13710
1460,13711
1493,13711
1460,13712
1459,13713
1460,13714
1460,13715
1460,13716
1460,13717
1460,13718
1460,13719
1460,13720
1460,13721
1495,13722
1460,13723
1460,13724
1460,13725
1460,13726
1459,13727
1460,13728
1460,13729
1460,13730
1460,13731
1460,13732
1460,13733
1460,13734
1460,13735
1460,13737
1460,13738
1460,13739
1460,13740
1460,13741
1460,13742
1460,13743
1460,13744
1460,13745
1460,13746
1460,13747
1460,13748
1460,13750
1460,13751
1460,13752
1460,13753
1460,13754
1460,13755
1493,13756
1460,13756
1460,13757
1460,13758
1460,13759
1460,13760
1460,13761
1452,13762
1460,13763
1460,13765
1460,13766
1460,13767
1460,13768
1460,13769
1460,13770
1460,13771
1460,13772
1460,13773
1460,13774
1460,13775
1460,13776
1460,13777
1460,13778
1459,13779
1460,13780
1460,13781
1459,13783
1460,13784
1460,13785
1460,13785
1460,13786
1460,13787
1460,13788
1460,13789
1460,13789
1460,13790
1460,13791
1460,13792
1460,13793
1460,13793
1460,13794
1460,13795
1460,13796
1460,13797
1460,13798
1460,13798
1460,13799
1460,13800
1460,13801
1460,13802
1460,13802
1460,13803
1460,13804
1460,13805
1460,13806
1460,13807
1460,13807
1460,13808
1459,13809
1460,13810
1460,13811
1460,13811
1460,13812
1460,13813
1460,13814
1460,13815
1460,13815
1457,13816
1460,13817
1460,13818
1460,13819
1460,13820
1460,13820
1460,13821
1460,13822
1460,13823
1460,13824
1460,13824
1460,13825
1460,13826
1460,13827
1493,13827
1459,13828
1460,13828
1460,13829
1460,13830
1460,13831
1460,13832
1460,13832
1460,13833
1460,13834
1460,13835
1460,13836
1460,13836
1460,13837
1460,13838
1460,13839
1460,13840
1460,13841
1460,13841
1460,13842
1459,13843
1460,13844
1460,13845
1460,13845
1460,13846
1460,13847
1460,13848
1460,13849
1460,13850
1460,13851
1460,13853
1460,13854
1460,13855
1460,13857
1460,13858
1460,13859
1460,13861
1460,13862
1460,13863
1460,13864
1460,13866
1460,13867
1460,13868
1460,13869
1460,13871
1460,13872
1460,13873
1460,13874
1460,13875
1460,13876
1460,13877
1460,13878
1460,13879
1460,13880
1460,13881
1460,13882
1460,13882
1460,13883
1492,13884
1460,13884
1460,13885
1460,13886
1460,13887
1460,13888
1460,13889
1460,13890
1459,13890
1460,13891
1460,13892
1460,13893
1460,13894
1460,13895
1460,13896
1460,13896
1460,13897
1460,13898
1460,13899
1460,13900
1460,13901
1460,13901
1460,13902
1460,13903
1460,13904
1460,13905
1460,13905
1460,13906
1460,13907
1460,13908
1460,13909
1460,13909
1460,13910
1460,13911
1460,13912
1460,13912
1460,13913
1460,13914
1460,13915
1460,13916
1460,13916
1460,13917
1460,13918
1460,13919
1460,13920
1460,13920
1460,13921
1460,13922
1459,13923
1460,13924
1460,13924
1460,13925
1493,13925
1460,13926
1460,13927
1460,13927
1460,13928
1460,13929
1460,13930
1460,13931
1460,13932
1460,13933
1460,13933
1460,13934
1460,13935
1460,13936
1460,13937
1460,13937
1460,13938
1460,13939
1460,13940
1460,13940
1460,13941
1460,13942
1460,13943
1460,13944
1460,13944
1460,13945
1460,13946
1460,13947
1460,13948
1460,13948
1460,13949
1459,13950
1460,13951
1460,13951
1460,13952
1460,13953
1460,13954
1459,13955
1460,13955
1460,13956
1460,13957
1460,13958
1460,13959
1460,13959
1460,13960
1460,13961
1460,13962
1460,13963
1460,13963
1460,13964
1460,13965
1460,13966
1460,13966
1460,13967
1460,13968
1460,13969
1460,13970
1460,13970
1460,13971
1460,13972
1460,13973
1460,13974
1460,13974
1460,13975
1459,13976
1460,13977
1460,13977
1460,13978
1460,13979
1460,13980
1493,13980
1460,13981
1460,13981
1460,13982
1460,13983
1460,13984
1460,13985
1460,13985
1460,13986
1460,13987
1460,13988
1460,13989
1460,13989
1460,13990
1460,13991
1460,13992
1460,13992
1460,13993
1460,13994
1460,13995
1460,13996
1460,13996
1460,13997
1460,13998
1459,13999
1456,14000
1460,14000
1460,14001
1460,14002
1460,14003
1460,14004
1460,14004
1460,14005
1460,14006
1460,14007
1460,14007
1459,14008
1460,14009
1460,14010
1460,14011
1460,14011
1460,14012
1460,14013
1460,14014
1460,14015
1460,14015
1460,14016
1460,14017
1460,14018
1460,14018
1460,14019
1460,14020
1460,14021
1460,14022
1459,14022
1460,14023
1460,14024
1460,14025
1460,14025
1460,14026
1460,14027
1460,14028
1460,14028
1459,14029
1460,14030
1460,14031
1460,14031
1460,14032
1460,14033
1460,14034
1460,14034
1460,14035
1460,14036
1460,14037
1460,14037
1460,14038
1460,14039
1460,14040
1460,14041
1460,14041
1460,14042
1460,14043
1459,14044
1460,14044
1460,14045
1460,14046
1460,14047
1460,14047
1460,14048
1460,14049
1460,14050
1460,14050
1460,14051
1460,14052
1460,14052
1460,14053
1460,14054
1460,14055
1460,14055
1460,14056
1460,14057
1460,14058
1460,14058
1460,14059
1460,14060
1459,14061
1460,14061
1460,14062
1460,14063
1460,14063
1460,14064
1460,14065
1460,14066
1460,14066
1460,14067
1460,14068
1460,14069
1460,14069
1460,14070
1460,14071
1460,14071
1460,14072
1460,14073
1460,14074
1460,14074
1460,14075
1460,14076
1460,14077
1460,14077
1460,14078
1460,14079
1460,14080
1460,14080
1460,14081
1460,14082
1460,14082
1453,14083
1460,14084
1460,14085
1460,14085
1460,14086
1460,14087
1460,14088
1460,14088
1460,14089
1460,14090
1460,14091
1460,14091
1460,14092
1460,14093
1460,14093
1459,14094
1460,14095
1460,14096
1460,14096
1460,14097
1460,14098
1460,14099
1460,14099
1460,14100
1460,14101
1460,14102
1460,14102
1460,14103
1460,14104
1460,14104
1460,14105
1460,14106
1460,14107
1460,14107
1459,14108
1460,14109
1460,14110
1460,14110
1460,14111
1459,14112
1460,14112
1460,14113
1460,14114
1460,14115
1460,14115
1460,14116
1460,14117
1460,14118
1460,14118
1460,14119
1460,14120
1460,14121
1460,14121
1460,14122
1460,14123
1460,14123
1459,14124
1460,14125
1460,14126
1460,14126
1460,14127
1460,14128
1460,14129
1460,14129
1460,14130
1460,14131
1460,14131
1460,14132
1460,14133
1460,14134
1460,14134
1460,14135
1460,14136
1460,14137
1460,14137
1493,14138
1460,14138
1460,14139
1460,14140
1460,14140
1493,14142
1460,14143
1460,14144
1460,14144
1460,14145
1460,14146
1460,14146
1460,14147
1460,14148
1460,14149
1460,14149
1460,14150
1459,14151
1460,14152
1460,14152
1460,14153
1460,14154
1460,14154
1459,14155
1460,14156
1460,14157
1460,14157
1460,14158
1460,14159
1460,14160
1460,14160
1460,14161
1460,14162
1460,14162
1460,14163
1460,14164
1460,14165
1460,14165
1460,14166
1460,14167
1460,14168
1460,14168
1460,14169
1460,14170
1460,14170
1460,14171
1460,14172
1460,14173
1460,14173
1460,14174
1460,14175
1460,14175
1460,14176
1460,14177
1460,14178
1460,14178
1460,14179
1460,14180
1460,14180
1460,14181
1460,14182
1460,14183
1460,14183
1460,14184
1460,14185
1460,14185
1460,14186
1460,14187
1460,14188
1460,14188
1459,14189
1460,14190
1460,14190
1460,14191
1460,14192
1460,14193
1460,14193
1460,14194
1460,14195
1460,14195
1460,14196
1460,14197
1460,14198
1460,14198
1460,14199
1460,14200
1460,14200
1460,14201
1460,14202
1460,14203
1460,14203
1460,14204
1460,14205
1460,14205
1460,14206
1460,14207
1460,14207
1460,14208
1460,14209
1460,14209
1460,14210
1460,14211
1460,14211
1460,14212
1460,14213
1460,14214
1460,14214
1460,14215
1460,14216
1460,14216
1460,14217
1460,14218
1459,14218
1460,14219
1460,14220
1460,14220
1460,14221
1460,14222
1458,14223
1460,14223
1460,14224
1460,14225
1460,14225
1460,14226
1460,14227
1460,14227
1460,14228
1460,14229
1460,14229
1460,14230
1460,14231
1460,14231
1460,14232
1460,14233
1460,14234
1460,14234
1501,14235
1460,14235
1460,14236
1460,14236
1460,14237
1460,14238
1460,14238
1459,14239
1460,14240
1460,14240
1460,14241
1460,14242
1460,14242
1460,14243
1460,14244
1460,14245
1460,14245
1460,14246
1460,14247
1460,14247
1460,14248
1460,14249
1460,14249
1460,14250
1460,14251
1460,14251
1460,14252
1460,14253
1460,14254
1460,14254
1460,14255
1460,14256
1460,14256
1460,14257
1460,14258
1460,14258
1460,14259
1460,14260
1460,14260
1460,14261
1460,14262
1460,14262
1460,14263
1459,14263
1460,14264
1460,14265
1460,14265
1460,14266
1460,14266
1460,14267
1460,14267
1460,14268
1460,14268
1460,14269
1460,14269
1460,14270
1460,14271
1460,14271
1460,14272
1460,14272
1460,14273
1459,14273
1460,14274
1460,14274
1460,14275
1460,14276
1460,14276
1460,14277
1460,14277
1460,14278
1460,14278
1460,14279
1460,14279
1460,14280
1460,14281
1460,14281
1460,14282
1460,14282
1460,14283
1460,14283
1460,14284
1460,14284
1460,14285
1460,14285
1460,14286
1501,14287
1460,14287
1460,14287
1460,14288
1460,14288
1460,14289
1460,14289
1460,14290
1460,14290
1460,14291
1460,14292
1460,14292
1460,14293
1460,14293
1460,14294
1460,14294
1460,14295
1459,14295
1460,14296
1460,14296
1460,14297
1460,14297
1460,14298
1460,14299
1460,14299
1460,14300
1460,14300
1460,14301
1460,14301
1460,14302
1460,14302
1460,14303
1460,14303
1460,14304
1460,14304
1460,14305
1460,14306
1460,14306
1460,14307
1460,14307
1460,14308
1460,14308
1460,14309
1460,14309
1460,14310
1460,14310
1460,14311
1460,14311
1460,14312
1460,14312
1460,14313
1460,14313
1460,14314
1460,14315
1460,14315
1460,14316
1460,14316
1460,14317
1460,14317
1460,14318
1460,14318
1460,14319
1460,14319
1460,14320
1460,14320
1460,14321
1460,14321
1460,14322
1460,14323
1460,14323
1460,14324
1460,14324
1459,14325
1460,14325
1460,14326
1459,14326
1460,14327
1460,14328
1460,14329
1460,14329
1460,14330
1460,14331
1460,14332
1460,14333
1460,14334
1460,14335
1460,14335
1460,14336
1501,14337
1460,14337
1460,14338
1460,14339
1460,14340
1459,14341
1460,14341
1460,14342
1460,14343
1460,14344
1460,14345
1460,14346
1460,14346
1460,14347
1460,14348
1460,14349
1460,14350
1501,14350
1460,14351
1460,14351
1460,14352
1460,14353
1460,14354
1460,14354
1460,14355
1460,14355
1460,14356
1460,14357
1460,14357
1460,14358
1460,14358
1460,14359
1460,14360
1460,14360
1460,14361
1459,14361
1460,14362
1460,14362
1460,14363
1460,14364
1460,14364
1460,14365
1460,14365
1460,14366
1460,14367
1460,14367
1459,14368
1460,14368
1460,14369
1460,14369
1460,14370
1460,14371
1460,14371
1460,14372
1460,14372
1460,14373
1460,14373
1460,14374
1460,14374
1460,14375
1460,14376
1460,14376
1460,14377
1501,14377
1460,14377
1460,14378
1460,14378
1460,14379
1460,14380
1460,14380
1460,14381
1460,14381
1460,14382
1460,14382
1501,14383
1460,14383
1460,14383
1460,14384
1460,14384
1460,14385
1460,14386
1460,14386
1460,14387
1460,14387
1460,14388
1460,14388
1460,14389
1460,14389
1460,14390
1460,14390
1460,14391
1460,14391
1460,14392
1460,14393
1460,14393
1460,14394
1460,14394
1460,14395
1460,14395
1460,14396
1459,14396
1460,14397
1460,14397
1460,14398
1460,14398
1460,14399
1460,14399
1459,14400
1460,14400
1460,14401
1460,14402
1460,14402
1460,14403
1460,14403
1460,14404
1460,14404
1460,14405
1460,14405
1460,14406
1460,14406
1460,14407
1460,14407
1460,14408
1460,14408
1459,14409
1460,14410
1460,14410
1460,14411
1460,14411
1460,14412
1460,14412
1460,14413
1460,14413
1460,14414
1460,14414
1460,14415
1460,14415
1460,14416
1460,14416
1460,14417
1460,14418
1460,14418
1460,14419
1459,14419
1460,14420
1460,14420
1501,14420
1460,14421
1460,14421
1460,14422
1460,14422
1460,14423
1460,14423
1460,14424
1459,14424
1460,14425
1460,14426
1460,14426
1460,14427
1460,14427
1460,14428
1460,14428
1460,14429
1460,14429
1460,14430
1460,14430
1460,14431
1460,14431
1460,14432
1460,14432
1460,14433
1460,14434
1460,14434
1460,14435
1460,14435
1460,14436
1460,14436
1460,14437
1460,14437
1460,14438
1460,14438
1460,14439
1460,14439
1460,14440
1460,14440
1460,14441
1460,14442
1460,14442
1460,14443
1460,14443
1460,14444
1460,14444
1460,14445
1460,14445
1460,14446
1460,14446
1460,14447
1460,14447
1460,14448
1460,14448
1459,14449
1460,14450
1460,14450
1460,14451
1460,14451
1460,14452
1460,14452
1460,14453
1460,14453
1460,14454
1460,14454
1501,14455
1460,14455
1460,14455
1460,14456
1460,14456
1460,14457
1460,14458
1460,14458
1460,14459
1460,14459
1459,14460
1460,14460
1460,14461
1460,14461
1460,14462
1460,14462
1460,14463
1460,14463
1460,14464
1460,14464
1460,14465
1460,14465
1460,14466
1460,14467
1460,14467
1460,14468
1460,14468
1460,14469
1460,14469
1460,14470
1459,14470
1460,14471
1460,14471
1460,14472
1460,14472
1460,14473
1460,14473
1460,14474
1460,14475
1460,14475
1460,14476
1460,14476
1460,14477
1460,14477
1460,14478
1460,14478
1460,14479
1460,14479
1460,14480
1459,14480
1460,14481
1460,14481
1460,14482
1460,14483
1460,14483
1460,14484
1460,14484
1460,14485
1460,14485
1460,14486
1460,14486
1460,14487
1460,14487
1460,14488
1460,14488
1459,14489
1460,14489
1460,14490
1460,14490
1460,14491
1460,14491
1460,14492
1460,14492
1460,14493
1460,14493
1460,14494
1460,14494
1460,14495
1460,14495
1460,14496
1460,14496
1460,14497
1460,14497
1460,14498
290,14498
1388,14500
1501,14502
1388,14502
1388,14504
1388,14507
1388,14509
1388,14512
1388,14514
1500,14514
1388,14516
1388,14519
1542,14519
1388,14521
1388,14523
1500,14525
1388,14526
1501,14527
252,14528
1388,14531
1388,14533
1501,14534
1388,14535
1388,14538
1388,14540
1388,14542
1388,14545
1388,14547
1388,14550
1501,14551
1388,14552
1388,14554
1388,14557
1388,14559
1501,14561
1200,14562
1388,14564
1388,14566
1388,14568
1388,14571
1388,14573
1388,14575
1429,14577
1388,14578
1388,14579
1388,14582
1388,14584
1388,14586
1388,14588
1388,14591
1388,14593
487,14595
1388,14597
1388,14599
1388,14602
1388,14604
1388,14606
1388,14608
1388,14611
1388,14613
1388,14615
1388,14617
1388,14619
1388,14622
1388,14624
1388,14626
585,14628
1388,14631
1388,14633
1388,14635
1388,14638
1388,14640
1388,14642
1388,14645
1388,14647
1388,14650
1388,14652
1388,14654
1388,14657
1388,14659
980,14662
1388,14664
1388,14666
1388,14669
1388,14671
1388,14673
1388,14676
1388,14678
1388,14681
1388,14683
1388,14685
1388,14688
1388,14690
1388,14692
1085,14695
1388,14697
1388,14700
1388,14702
1388,14704
1388,14707
1388,14709
1388,14712
1388,14714
1388,14716
1388,14719
1388,14721
1388,14723
1388,14726
1375,14728
1388,14731
1388,14733
1388,14735
1388,14738
1388,14740
1388,14742
1388,14745
1388,14747
1388,14750
1388,14752
1388,14754
1388,14757
1388,14759
814,14762
1388,14764
1388,14766
1388,14769
1388,14771
1388,14773
1388,14776
1388,14778
1388,14781
1388,14783
1388,14785
1388,14788
1437,14789
1388,14790
1388,14792
570,14795
1388,14797
1388,14800
1388,14802
1388,14804
1388,14807
1388,14809
1388,14812
1388,14814
1388,14816
1388,14819
1388,14821
1388,14823
1388,14826
868,14828
1388,14831
1388,14833
1388,14835
1388,14838
1388,14840
1388,14842
1388,14845
1388,14847
1388,14850
1388,14852
1388,14854
1388,14857
1388,14859
184,14862
1388,14864
1388,14866
1388,14869
1388,14872
1388,14874
1388,14877
1388,14879
1388,14882
1388,14884
1388,14887
1388,14890
1388,14892
587,14895
1388,14897
1388,14900
1388,14902
1388,14905
1388,14908
1388,14910
1388,14913
1388,14915
1388,14918
1388,14920
1388,14923
1388,14925
496,14928
1388,14931
1388,14933
1388,14936
1388,14938
1388,14941
1388,14943
1388,14946
1388,14949
1388,14951
1388,14954
1388,14956
1388,14959
240,14961
1388,14964
1388,14967
1388,14969
1388,14972
1388,14975
1388,14978
1388,14981
1388,14983
1388,14986
1388,14989
1388,14992
1222,14994
1388,14997
1388,15000
1388,15002
1388,15005
1388,15008
1388,15010
1388,15013
1388,15015
1388,15018
1388,15020
1388,15023
1388,15025
289,15028
1388,15031
1388,15033
1388,15036
1388,15038
1388,15041
1388,15043
1388,15046
1388,15049
1388,15051
1388,15054
1388,15056
1388,15059
38,15061
1388,15064
1388,15066
1388,15069
1388,15072
1388,15074
1388,15077
1388,15079
1388,15082
1388,15084
1388,15087
1388,15090
1388,15092
570,15095
1388,15097
1388,15100
1388,15102
1388,15105
1388,15108
1388,15110
1388,15113
1388,15115
1388,15118
1388,15120
1388,15123
1388,15125
99,15128
1388,15131
1388,15133
1388,15136
1388,15139
1388,15142
1388,15144
1388,15147
1388,15150
1388,15153
1388,15156
1388,15158
577,15161
1388,15164
1388,15167
1388,15169
1388,15172
1388,15175
1388,15178
1388,15181
1388,15183
1388,15186
1388,15189
1388,15192
1356,15194
1388,15197
1388,15200
1388,15203
1388,15206
1388,15208
1388,15211
1388,15214
1388,15217
1388,15219
1388,15222
1388,15225
1246,15228
1388,15231
1388,15233
1388,15236
1388,15238
1388,15241
1388,15243
1388,15246
1388,15249
1388,15251
1388,15254
1388,15256
1388,15259
186,15261
1388,15264
1388,15267
1388,15269
1388,15272
1388,15275
1388,15278
1388,15281
1388,15283
1388,15286
1388,15289
1388,15292
1030,15294
1388,15297
1388,15300
1388,15303
1388,15306
1388,15308
1388,15311
1388,15314
1388,15317
1388,15319
1388,15322
1388,15325
895,15328
1388,15331
1388,15334
1388,15337
1388,15340
1388,15343
1388,15346
1388,15349
1388,15352
1388,15355
1388,15358
1260,15361
1388,15364
1388,15367
1388,15370
1388,15373
1388,15376
1388,15379
1388,15382
1388,15385
1388,15388
1388,15391
571,15394
1388,15397
1388,15400
1388,15403
1388,15406
1388,15409
1388,15412
1388,15415
1388,15418
1388,15421
1388,15425
442,15428
1388,15431
1388,15434
1388,15437
1388,15440
1388,15443
1388,15446
1388,15449
1388,15452
1388,15455
1388,15458
888,15461
1388,15464
1388,15467
1388,15469
1388,15472
1388,15475
1388,15478
1388,15481
1388,15483
1388,15486
1388,15489
1388,15492
94,15494
1388,15497
1388,15500
1388,15503
1388,15506
1388,15508
1388,15511
1388,15514
1388,15517
1388,15519
1388,15522
1388,15525
849,15528
1388,15531
1388,15533
1388,15536
1388,15538
1388,15541
1388,15543
1388,15546
1388,15549
1388,15551
1388,15554
1388,15556
1388,15559
54,15561
1388,15564
1388,15566
1388,15569
1441,15572
1388,15572
1388,15574
1460,15580
1324,15580
1388,15582
1388,15584
1388,15587
1388,15590
1388,15592
173,15595
1388,15597
1388,15600
1388,15602
1388,15605
1388,15608
1388,15610
1388,15613
1388,15615
1388,15618
1388,15620
1388,15623
1388,15625
62,15628
1388,15631
1388,15633
1388,15636
1388,15639
1388,15642
1388,15644
1388,15647
1388,15650
1388,15653
1388,15656
1388,15658
1194,15661
1388,15664
1388,15667
1388,15669
1388,15672
1388,15675
1388,15678
1388,15681
1388,15683
1388,15686
1388,15689
1388,15692
782,15694
1388,15697
1388,15700
1388,15703
1388,15706
1388,15709
1388,15712
1388,15715
1388,15718
1388,15721
1388,15725
1285,15728
1388,15731
1388,15733
1388,15736
1388,15739
1388,15742
1388,15744
1388,15747
1388,15750
1388,15753
1388,15756
1388,15758
221,15761
1388,15764
1388,15766
1388,15769
1388,15772
1388,15774
1441,15776
1388,15777
1388,15779
1388,15782
1388,15784
1388,15787
1388,15790
1388,15792
55,15795
1388,15797
1388,15800
1388,15802
1388,15805
1388,15808
1388,15810
1388,15813
1388,15815
1388,15818
1388,15820
1388,15823
1388,15825
84,15828
1388,15831
1388,15833
1388,15836
1388,15839
1388,15842
1388,15844
1388,15847
1388,15850
1388,15853
1388,15856
1388,15858
1381,15861
1388,15864
1388,15867
1388,15869
1388,15872
1388,15875
1388,15878
1388,15881
1388,15883
1388,15886
1388,15889
1388,15892
767,15894
1388,15897
1388,15900
1388,15903
1388,15906
1388,15908
1388,15911
1388,15914
1388,15917
1388,15919
1388,15922
1388,15925
1261,15928
1388,15931
1388,15933
1388,15936
1388,15939
1388,15942
1388,15944
1388,15947
1388,15950
1388,15953
1388,15956
1388,15958
175,15961
1388,15964
1388,15967
1388,15970
1388,15973
1388,15976
1388,15979
1388,15982
1388,15985
1388,15988
1388,15991
1342,15994
1388,15997
1388,16000
1388,16003
1388,16006
1388,16008
1388,16011
1388,16014
1388,16017
1388,16019
1388,16022
1388,16025
858,16028
1388,16031
1388,16033
1388,16036
1388,16039
1388,16042
1388,16044
1388,16047
1388,16050
1388,16053
1388,16056
1388,16058
332,16061
1388,16064
1388,16067
1388,16069
1388,16072
1388,16075
1388,16078
1388,16081
1388,16083
1388,16086
1388,16089
1388,16092
413,16094
1388,16097
1388,16100
1388,16103
1388,16106
1388,16108
1388,16111
1388,16114
1388,16117
1388,16119
1388,16122
1388,16125
1020,16128
1388,16131
1388,16133
1388,16136
1388,16139
1388,16142
1388,16144
1388,16147
1388,16150
1388,16153
1388,16156
1388,16158
294,16161
1388,16164
1388,16167
1388,16170
1388,16173
1388,16176
1388,16179
1388,16182
1388,16185
1388,16188
1388,16191
698,16194
1388,16197
1388,16201
1388,16204
1388,16207
1388,16211
1388,16214
1388,16217
1388,16221
1388,16224
1382,16227
1388,16231
1388,16234
1388,16238
1388,16242
353,16242
1388,16245
1388,16249
1445,16251
1388,16253
1388,16257
1252,16260
1388,16264
1388,16268
1388,16271
1388,16275
1388,16279
1388,16282
1388,16286
1388,16290
877,16294
1388,16297
1388,16301
1388,16305
1388,16308
1388,16312
1388,16316
1388,16319
1388,16323
1006,16327
1388,16331
1388,16334
1388,16338
1388,16342
1388,16345
1388,16349
1388,16353
1388,16357
892,16360
1388,16364
1388,16368
1388,16371
1388,16375
1388,16379
1388,16382
1388,16386
1388,16390
165,16394
1388,16397
1388,16401
1388,16405
1388,16408
1388,16412
1388,16416
1388,16419
1388,16423
634,16427
1447,16427
1388,16431
1388,16434
1388,16438
1388,16442
1388,16445
1388,16449
1388,16453
1388,16457
143,16460
1388,16464
1388,16467
1388,16471
1388,16474
1388,16477
1388,16481
1388,16484
1388,16487
1388,16491
726,16494
1388,16497
1388,16501
1388,16504
1388,16507
1388,16511
1388,16514
1388,16517
1388,16521
1388,16524
460,16527
1388,16531
1388,16534
1388,16537
1388,16541
1388,16544
1388,16547
1388,16551
1388,16554
1388,16557
399,16561
1388,16564
1388,16567
1388,16571
1388,16574
1388,16577
1388,16581
1388,16584
1388,16587
1388,16591
233,16594
1388,16597
1388,16601
1388,16604
1388,16607
1388,16611
1388,16614
1388,16617
1388,16621
1388,16624
576,16627
1388,16631
458,16634
1388,16634
1388,16637
1388,16641
1388,16644
1388,16647
1388,16651
1388,16654
1388,16657
1094,16661
1388,16664
1388,16668
1388,16671
1388,16675
1388,16679
1388,16682
1388,16686
1388,16690
1004,16694
1388,16697
1388,16701
1388,16706
1388,16710
1388,16714
1388,16718
1388,16722
316,16726
1388,16731
1388,16734
1388,16738
1388,16742
1388,16745
1388,16749
1388,16753
1388,16757
1013,16760
1388,16764
1388,16768
1388,16771
1388,16775
1388,16779
1388,16782
1388,16786
1388,16790
868,16794
1388,16797
1388,16801
375,16805
1388,16806
1388,16810
1388,16814
1388,16818
1388,16822
103,16826
1388,16831
1388,16835
1388,16840
1388,16845
1388,16850
1388,16854
59,16859
1388,16864
1388,16869
1388,16875
1388,16881
1388,16886
322,16892
1388,16897
160,16903
1388,16904
1388,16911
1388,16917
1017,16924
1388,16931
1388,16942
419,16953
1388,16964
1388,16967
1388,16970
1388,16973
1388,16976
1388,16979
1388,16982
1388,16985
1388,16988
1388,16991
584,16994
1388,16997
174,17014
1388,17031
713,17047
1445,17051
1388,17064
0,17080
843,17081
1388,17097
0,17112
975,17114
0,17124
1388,17131
941,17147
1388,17164
1139,17181
0,17191
0,17194
1388,17197
1233,17214
0,17224
1388,17231
1253,17247
1388,17264
1276,17281
0,17295
1388,17297
0,17307
1292,17314
1388,17331
1388,17342
42,17353
0,17363
1388,17364
1388,17375
0,17385
17,17386
1388,17397
1388,17408
114,17419
1388,17431
1388,17442
367,17453
1388,17464
1388,17475
115,17486
1388,17497
0,17507
1388,17508
0,17518
272,17519
1388,17531
1388,17542
179,17553
1388,17564
0,17574
1388,17575
329,17586
1388,17597
1388,17608
1449,17616
468,17619
0,17629
1388,17638
1388,17642
342,17653
1388,17664
1388,17675
0,17685
275,17686
1388,17697
0,17707
1388,17708
739,17719
1388,17731
1388,17742
474,17753
1388,17764
1388,17775
546,17786
1388,17797
1388,17808
646,17819
0,17829
1388,17831
0,17841
1388,17842
700,17853
0,17863
1388,17864
1388,17875
0,17885
603,17886
1388,17897
1388,17908
857,17919
0,17929
1388,17931
1388,17942
763,17953
1388,17964
1388,17975
902,17986
0,17996
1388,17997
1388,18008
935,18019
1388,18031
0,18041
1388,18042
0,18052
1224,18053
1388,18064
1388,18072
1388,18081
57,18089
1388,18097
1388,18108
978,18119
1388,18131
1388,18142
1215,18153
0,18163
1388,18164
1388,18175
1281,18186
1388,18197
1388,18206
1388,18214
61,18222
1388,18231
1388,18242
1317,18253
1388,18264
1388,18275
0,18285
0,18285
1361,18286
1388,18297
1388,18308
921,18319
1388,18331
0,18341
1388,18342
1196,18353
1388,18364
1388,18375
1180,18386
1388,18397
0,18407
1388,18408
1169,18419
1388,18431
1388,18442
0,18452
925,18453
0,18463
1388,18464
1388,18475
0,18485
1345,18486
1388,18497
0,18507
1388,18508
1355,18519
1388,18531
1388,18542
979,18553
0,18563
1388,18564
0,18574
1388,18575
753,18586
1388,18597
1388,18608
0,18618
899,18619
1388,18631
1388,18642
841,18653
1388,18664
1388,18675
0,18685
929,18686
1388,18697
1388,18708
809,18719
1388,18731
0,18741
1388,18742
1025,18753
1388,18764
1388,18775
1217,18786
1388,18797
1388,18808
1088,18819
0,18829
1388,18831
0,18841
1388,18842
1356,18853
1388,18864
1388,18875
1369,18886
0,18896
1388,18897
1388,18906
1388,18914
153,18922
1388,18931
1388,18939
1388,18947
335,18956
1388,18964
1388,18972
1388,18981
218,18989
1388,18997
1388,19006
1388,19014
210,19022
1388,19031
1388,19039
1388,19047
11,19056
1388,19064
1388,19072
1388,19081
411,19089
1388,19097
1388,19106
1388,19114
504,19122
1388,19131
1388,19139
1388,19147
766,19156
1388,19164
1388,19172
1388,19181
1033,19189
1388,19197
1388,19206
1388,19214
886,19222
1388,19231
1388,19239
1388,19247
700,19256
1388,19264
1388,19272
1388,19281
638,19289
1388,19297
1388,19306
1388,19314
188,19322
1388,19331
1388,19339
1388,19347
236,19356
1388,19364
1388,19375
1269,19386
0,19396
1388,19397
0,19408
1388,19408
0,19418
1308,19419
1388,19431
1388,19442
1053,19453
1388,19464
1388,19475
0,19485
1237,19486
0,19496
1388,19497
1388,19508
1200,19519
0,19529
1388,19531
1388,19542
861,19553
1388,19564
1388,19575
732,19586
0,19596
1388,19597
0,19607
1388,19608
1281,19619
1388,19631
1388,19642
0,19652
1126,19653
1388,19664
1388,19675
0,19685
1288,19686
0,19696
1388,19697
1388,19708
1068,19719
1388,19731
0,19741
1388,19742
1252,19753
1388,19764
1388,19775
1315,19786
1388,19797
0,19807
1388,19808
1280,19819
1388,19831
1388,19842
1337,19853
0,19863
1388,19864
1388,19872
1388,19881
21,19889
1388,19897
1388,19906
1388,19914
353,19922
1388,19931
1388,19939
1388,19947
454,19956
1388,19964
1388,19972
1388,19981
501,19989
1388,19997
