445,1064
0,1074
463,1096
0,1106
496,1129
539,1163
0,1173
0,1194
360,1196
561,1229
879,1263
0,1292
0,1293
852,1296
856,1329
1147,1363
493,1396
0,1428
816,1429
0,1439
0,1461
0,1463
670,1463
870,1496
512,1529
0,1539
0,1547
793,1563
605,1596
642,1629
0,1661
615,1663
0,1673
1004,1696
0,1728
910,1729
0,1746
0,1748
1386,1763
7,1779
298,1796
672,1829
0,1839
0,1848
344,1863
813,1896
567,1929
0,1949
0,1959
905,1963
814,1996
1049,2029
0,2057
0,2059
464,2063
638,2096
684,2129
0,2139
0,2148
845,2163
577,2196
833,2229
0,2261
924,2263
0,2273
887,2296
0,2328
227,2329
0,2346
0,2348
817,2363
596,2396
711,2429
0,2461
555,2463
0,2473
0,2494
874,2496
0,2506
1000,2529
950,2563
447,2596
0,2628
697,2629
0,2639
670,2663
0,2679
810,2696
0,2712
0,2714
948,2729
0,2761
778,2763
0,2773
0,2787
927,2796
910,2829
505,2863
0,2885
0,2893
549,2896
770,2929
654,2963
0,2991
0,2993
847,2996
859,3029
633,3063
537,3096
0,3128
564,3129
0,3139
0,3161
420,3163
0,3173
606,3196
733,3229
336,3263
0,3294
664,3296
0,3306
573,3329
0,3361
549,3363
0,3379
0,3381
399,3396
394,3429
0,3452
489,3463
517,3496
854,3529
0,3561
639,3563
0,3573
912,3596
0,3628
871,3629
0,3646
0,3647
453,3663
915,3696
819,3729
0,3745
0,3747
692,3763
933,3796
795,3829
0,3845
0,3847
1161,3863
896,3896
548,3929
0,3961
870,3963
0,3973
686,3996
0,4027
835,4029
0,4046
0,4047
887,4063
741,4096
0,4118
820,4129
701,4135
1047,4163
487,4196
0,4208
0,4226
840,4229
656,4263
794,4296
0,4324
0,4326
918,4329
907,4363
911,4396
1159,4429
0,4461
689,4463
0,4473
0,4494
845,4496
0,4506
710,4529
983,4563
759,4596
0,4628
628,4629
0,4639
673,4663
0,4694
1018,4696
0,4712
0,4714
571,4729
662,4763
781,4796
0,4812
0,4814
835,4829
811,4863
897,4896
0,4912
0,4914
687,4929
1142,4963
398,4996
0,5016
0,5026
607,5029
761,5063
834,5096
0,5124
0,5126
800,5129
612,5163
642,5196
0,5206
0,5214
883,5229
610,5263
596,5296
0,5328
773,5329
0,5339
699,5363
0,5394
597,5396
0,5412
0,5414
753,5429
887,5463
831,5496
0,5512
0,5514
565,5529
0,5561
778,5563
0,5573
0,5587
806,5596
0,5606
750,5629
777,5663
603,5696
0,5715
0,5726
1206,5729
990,5763
762,5796
0,5824
0,5826
615,5829
0,5861
938,5863
0,5873
814,5896
0,5906
832,5929
0,5946
0,5947
728,5963
902,5996
0,6020
1217,6029
0,6039
1094,6063
680,6096
766,6129
0,6161
729,6163
0,6173
722,6196
798,6229
894,6263
0,6279
0,6281
1004,6296
685,6329
706,6363
0,6394
871,6396
0,6406
790,6429
864,6463
902,6496
0,6528
885,6529
0,6539
1066,6563
0,6594
675,6596
0,6612
0,6614
787,6629
824,6663
896,6696
0,6712
0,6714
754,6729
886,6763
776,6796
0,6828
1102,6829
0,6839
368,6863
0,6894
678,6896
0,6912
0,6922
533,6929
985,6963
513,6996
0,7020
0,7026
1211,7029
718,7063
713,7096
0,7124
0,7126
359,7129
609,7163
639,7196
538,7229
0,7261
539,7263
0,7273
889,7296
0,7328
755,7329
0,7346
0,7347
1146,7363
390,7396
776,7429
0,7445
0,7447
572,7463
841,7496
800,7529
0,7558
0,7559
613,7563
1170,7596
1212,7629
400,7663
0,7682
0,7689
872,7696
736,7729
932,7763
0,7787
0,7793
803,7796
885,7829
1006,7863
0,7891
0,7893
842,7896
727,7929
0,7961
687,7963
0,7973
792,7996
0,8028
836,8029
0,8046
0,8059
938,8063
817,8096
864,8129
0,8157
0,8159
1040,8163
598,8196
842,8229
0,8239
0,8247
819,8263
927,8296
893,8329
0,8361
895,8363
0,8373
868,8396
0,8428
806,8429
0,8446
0,8447
700,8463
861,8496
808,8529
0,8539
0,8547
797,8563
870,8596
755,8629
0,8661
896,8663
0,8673
1010,8696
0,8728
781,8729
0,8746
0,8747
590,8763
784,8796
589,8829
0,8845
0,8847
962,8863
614,8896
1055,8929
0,8961
998,8963
0,8973
652,8996
0,9028
459,9029
0,9046
0,9047
786,9063
642,9096
756,9129
0,9145
0,9147
655,9163
0,9194
927,9196
0,9206
0,9220
740,9229
0,9239
758,9263
618,9296
895,9329
0,9361
705,9363
0,9373
765,9396
0,9428
581,9429
0,9446
0,9447
768,9463
886,9496
486,9529
0,9539
0,9547
453,9563
601,9596
868,9629
0,9661
1205,9663
0,9673
917,9696
0,9728
1044,9729
0,9746
0,9747
1082,9763
459,9796
527,9829
0,9839
0,9847
460,9863
452,9896
476,9929
0,9961
850,9963
0,9973
642,9996
0,10027
824,10029
0,10046
0,10047
505,10063
615,10096
508,10129
0,10145
0,10148
709,10163
1026,10196
1021,10229
0,10246
0,10247
1089,10263
1331,10296
0,10320
442,10329
823,10363
719,10396
0,10428
802,10429
0,10439
858,10463
0,10494
797,10496
0,10512
0,10514
848,10529
1054,10563
597,10596
0,10612
0,10626
788,10629
839,10663
817,10696
0,10724
0,10726
813,10729
774,10763
968,10796
1010,10829
0,10861
624,10863
0,10873
0,10894
579,10896
798,10929
812,10963
0,10992
0,10993
929,10996
916,11029
654,11063
778,11096
0,11128
525,11129
0,11139
0,11161
722,11163
0,11173
606,11196
833,11229
719,11263
0,11294
932,11296
0,11306
821,11329
0,11361
1010,11363
0,11379
0,11381
433,11396
688,11429
721,11463
0,11479
0,11481
754,11496
616,11529
1040,11563
0,11579
0,11581
852,11596
878,11629
618,11663
0,11694
799,11696
0,11706
548,11729
693,11763
613,11796
0,11828
686,11829
0,11839
742,11863
0,11894
989,11896
0,11912
0,11914
448,11929
667,11963
611,11996
0,12012
0,12014
691,12029
919,12063
802,12096
0,12128
978,12129
0,12139
904,12163
0,12194
531,12196
0,12212
0,12214
601,12229
795,12263
0,12285
756,12296
779,12329
716,12363
0,12394
787,12396
0,12406
584,12429
0,12461
695,12463
0,12479
0,12481
441,12496
0,12528
570,12529
0,12539
0,12552
752,12563
847,12596
597,12629
0,12650
0,12659
1047,12663
796,12696
505,12729
0,12757
0,12759
575,12763
906,12796
675,12829
698,12863
952,12896
0,12928
984,12929
0,12939
1199,12963
0,12994
676,12996
0,13012
0,13022
579,13029
688,13063
735,13096
0,13121
0,13126
937,13129
655,13163
1017,13196
0,13224
0,13226
1047,13229
585,13263
651,13296
659,13329
0,13361
849,13363
0,13373
802,13396
0,13428
812,13429
0,13446
0,13448
930,13463
1053,13496
579,13529
0,13539
0,13548
677,13563
723,13596
713,13629
0,13646
0,13648
792,13663
703,13696
909,13729
0,13761
613,13763
0,13773
562,13796
0,13828
398,13829
0,13847
0,13848
341,13863
445,13896
624,13929
0,13946
0,13960
485,13963
376,13996
896,14029
0,14058
0,14058
676,14063
684,14096
599,14129
581,14163
0,14194
882,14196
0,14206
0,14228
816,14229
0,14239
646,14263
665,14296
514,14329
0,14361
681,14363
0,14373
785,14396
0,14428
676,14429
0,14446
0,14456
726,14463
788,14496
778,14529
724,14563
0,14595
651,14596
0,14606
496,14629
0,14661
457,14663
0,14679
0,14681
557,14696
428,14729
708,14763
0,14779
0,14781
818,14796
666,14829
642,14863
0,14892
0,14893
477,14896
739,14929
609,14963
671,14996
0,15028
765,15029
0,15039
956,15063
0,15094
857,15096
0,15112
0,15114
600,15129
799,15163
818,15196
0,15213
0,15214
704,15229
905,15263
0,15274
800,15296
738,15329
834,15363
0,15394
562,15396
0,15406
571,15429
0,15461
737,15463
0,15479
0,15481
509,15496
878,15529
911,15563
0,15573
0,15581
1078,15596
952,15629
738,15663
0,15694
721,15696
0,15706
657,15729
0,15761
752,15763
0,15779
0,15781
837,15796
847,15829
773,15863
0,15879
0,15881
788,15896
0,15916
0,15926
644,15929
0,15954
669,15963
0,15973
0,15994
796,15996
0,16006
700,16029
598,16063
792,16096
0,16128
1002,16129
0,16139
745,16163
0,16194
486,16196
0,16212
0,16214
549,16229
777,16263
745,16296
0,16312
0,16326
960,16329
655,16363
1204,16396
0,16424
0,16426
669,16429
532,16463
850,16496
618,16529
0,16546
584,16563
0,16573
0,16594
737,16596
0,16606
0,16628
801,16629
0,16639
0,16661
774,16663
0,16679
937,16696
0,16713
580,16729
0,16739
0,16752
613,16763
0,16773
0,16794
699,16796
0,16806
0,16825
1017,16829
0,16839
0,16861
700,16863
0,16879
791,16896
863,16929
0,16939
0,16956
1138,16963
635,16996
775,17029
0,17054
0,17059
890,17063
756,17096
850,17129
0,17157
0,17159
949,17163
749,17196
0,17213
1097,17229
505,17263
798,17296
0,17328
757,17329
0,17339
830,17363
0,17394
679,17396
0,17412
0,17414
688,17429
773,17463
922,17496
0,17512
0,17514
503,17529
0,17561
540,17563
0,17573
0,17587
553,17596
0,17606
725,17629
791,17663
1069,17696
575,17718
0,17728
781,17729
0,17739
1114,17763
0,17794
484,17796
0,17812
0,17814
672,17829
845,17863
0,17885
743,17896
971,17929
824,17963
0,17994
797,17996
0,18006
1216,18029
0,18061
541,18063
0,18079
0,18081
767,18096
640,18129
625,18163
0,18179
0,18181
468,18196
0,18228
947,18229
0,18239
0,18254
728,18263
0,18273
1058,18296
501,18329
419,18363
0,18394
623,18396
0,18406
728,18429
0,18461
571,18463
0,18479
0,18481
653,18496
639,18529
866,18563
0,18579
0,18581
541,18596
521,18629
505,18663
0,18694
376,18696
0,18706
693,18729
578,18763
692,18796
0,18828
1073,18829
0,18839
608,18863
0,18892
650,18896
0,18912
0,18914
572,18929
958,18963
550,18996
0,19012
0,19014
636,19029
781,19063
788,19096
0,19128
613,19129
0,19139
647,19163
0,19194
627,19196
0,19212
0,19214
914,19229
0,19261
775,19263
0,19273
0,19285
615,19296
646,19329
958,19363
0,19385
0,19393
457,19396
713,19429
732,19463
0,19491
0,19493
669,19496
694,19529
529,19563
0,19573
0,19581
504,19596
763,19629
543,19663
754,19696
0,19728
744,19729
0,19739
398,19763
543,19784
0,19794
700,19796
0,19812
0,19814
825,19829
702,19863
1022,19896
0,19912
0,19914
449,19929
0,19961
479,19963
0,19973
0,19987
833,19996
