777,1048
0,1058
962,1080
0,1090
1116,1113
0,1131
1298,1146
0,1161
1344,1180
0,1197
1243,1213
0,1228
817,1246
0,1261
957,1280
0,1295
967,1313
0,1328
1145,1346
0,1361
319,1380
0,1395
0,1400
1386,1413
1386,1416
1386,1419
1386,1421
1388,1424
1388,1427
1388,1430
1388,1433
1388,1435
1388,1438
1388,1441
791,1444
1388,1446
1388,1449
1388,1451
1388,1453
1388,1455
1388,1457
1388,1459
1388,1461
1388,1463
1388,1465
1388,1467
1388,1469
1388,1471
1388,1474
1388,1476
99,1478
1388,1480
1388,1482
1388,1484
1388,1486
1388,1488
1388,1490
1388,1492
1388,1494
1388,1496
1388,1499
1388,1501
1388,1503
1388,1505
1388,1507
1388,1509
962,1511
1388,1513
1388,1515
1388,1518
1388,1520
1388,1522
1388,1524
1388,1526
1388,1529
1388,1531
1388,1533
1388,1535
1388,1538
1388,1540
1388,1542
952,1544
1388,1546
1388,1549
1388,1552
1388,1555
1388,1558
1388,1560
1388,1563
1388,1566
1388,1569
1388,1571
1388,1574
281,1577
1388,1580
998,1596
1388,1613
1388,1616
1388,1618
1388,1621
1388,1623
1388,1626
1388,1629
1388,1631
1388,1634
1388,1636
1388,1639
1388,1641
711,1644
1388,1646
1388,1648
1388,1649
1388,1651
1388,1652
1388,1654
1388,1655
1388,1657
1388,1658
1388,1660
1388,1661
1388,1662
1388,1664
1388,1665
1388,1667
1388,1668
1388,1670
1388,1671
1388,1673
1388,1674
1388,1675
1388,1677
322,1678
1388,1680
1388,1681
1388,1682
1388,1683
1388,1684
1388,1685
1388,1686
1388,1688
1388,1689
1388,1690
1388,1691
1388,1692
1388,1693
1388,1694
1388,1695
1388,1696
1388,1698
1388,1699
1388,1700
1388,1701
1388,1702
1388,1703
1388,1704
1388,1705
1388,1706
1388,1708
1388,1709
1388,1710
1388,1711
1226,1712
1388,1713
1388,1714
1460,1716
1460,1717
1260,1718
1460,1721
1460,1721
1460,1722
1460,1725
1460,1725
1460,1729
1460,1729
1460,1730
1460,1732
1460,1733
1460,1734
1460,1735
1460,1738
1460,1738
1460,1739
1460,1741
1460,1741
1460,1742
1460,1744
1460,1745
1460,1745
1459,1748
1460,1748
1460,1749
1460,1751
1460,1751
1460,1752
1460,1754
1460,1755
1460,1758
1460,1758
1460,1758
1460,1761
1460,1761
1460,1762
1460,1764
1460,1765
1460,1765
1460,1768
1460,1768
1460,1772
1460,1772
1460,1773
1460,1776
1460,1777
1460,1777
1460,1781
1460,1781
1459,1782
1460,1785
1460,1785
1460,1786
1460,1787
1460,1788
1460,1791
1460,1791
1460,1792
1460,1794
1460,1795
1460,1795
1460,1797
1460,1798
1460,1798
1460,1801
1460,1801
1460,1802
1460,1805
1460,1805
1460,1806
1460,1808
1460,1809
1460,1809
1460,1811
1460,1811
1460,1815
1460,1815
1460,1815
1460,1819
1459,1820
1460,1820
1460,1824
1460,1824
1460,1824
1460,1828
1460,1829
1460,1829
1473,1832
1460,1833
1460,1833
1460,1834
1460,1834
1460,1834
1460,1837
1460,1838
1460,1841
1460,1841
1460,1842
1460,1844
1460,1845
1460,1845
1459,1847
1460,1848
1460,1848
1460,1849
1460,1849
1460,1852
1460,1853
1460,1853
1460,1856
1460,1856
1460,1857
1460,1861
1460,1862
1460,1862
1460,1866
1460,1866
1460,1867
1460,1870
1460,1871
1460,1871
1460,1875
1460,1876
1460,1876
1473,1879
1460,1879
1460,1880
1459,1880
1460,1881
1460,1881
1460,1884
1460,1884
1460,1885
1460,1888
1460,1888
1460,1889
1460,1891
1460,1892
1460,1892
1460,1895
1460,1895
1460,1895
1460,1896
1460,1896
1460,1897
1460,1900
1460,1900
1460,1901
1460,1903
1460,1904
739,1904
731,1913
1473,1939
776,1946
0,1965
1475,1970
1146,1980
1118,2013
848,2046
696,2080
0,2113
977,2113
0,2128
947,2146
902,2180
856,2213
0,2228
1271,2246
1345,2280
1388,2313
85,2330
1388,2346
0,2358
0,2360
208,2363
1388,2380
44,2396
1388,2413
192,2430
0,2444
1388,2446
0,2456
158,2463
1388,2480
272,2496
0,2511
1388,2513
0,2523
141,2530
1388,2546
506,2563
0,2573
0,2576
1388,2580
535,2596
1388,2613
505,2630
1388,2646
577,2663
0,2673
1388,2680
571,2696
1388,2713
0,2728
765,2730
0,2740
1388,2746
737,2763
1388,2780
0,2790
0,2793
886,2796
1388,2813
905,2830
1388,2846
943,2863
0,2878
1388,2880
0,2890
811,2896
1388,2913
1275,2930
1388,2946
0,2963
1269,2963
0,2973
1388,2980
1329,2996
1388,3013
0,3023
1388,3024
0,3034
117,3035
1388,3046
1388,3058
56,3069
1388,3080
0,3090
1388,3091
171,3102
1388,3113
1388,3124
365,3135
1388,3146
0,3156
1388,3158
423,3169
1388,3180
1388,3191
602,3202
1388,3213
1388,3224
533,3235
0,3245
1388,3246
0,3256
1388,3258
314,3269
1388,3280
1388,3281
1388,3282
1388,3284
1388,3285
1388,3286
1388,3287
1388,3289
1388,3290
1388,3291
1388,3293
1388,3294
1388,3295
1388,3296
1388,3298
1388,3299
1388,3300
1388,3302
1388,3303
1388,3304
1388,3305
1388,3307
1388,3308
1388,3309
1388,3311
1099,3312
1388,3313
1388,3314
1388,3316
1388,3317
1388,3318
1388,3320
1388,3321
1388,3322
1388,3324
1388,3325
1388,3326
1388,3328
1388,3329
1388,3330
1388,3332
1388,3333
1388,3334
1388,3336
1388,3337
1388,3338
1388,3340
1388,3341
1388,3342
1388,3344
816,3345
1388,3346
1388,3348
1388,3349
1388,3351
1388,3352
1388,3354
1388,3355
1388,3357
1388,3358
1388,3360
1388,3361
1388,3362
1388,3364
1388,3365
1388,3367
1388,3368
1388,3370
1388,3371
1388,3373
1388,3374
1388,3375
1388,3377
553,3378
1388,3380
1388,3381
1388,3383
1388,3385
1388,3386
1388,3388
1388,3390
1388,3391
1388,3393
1388,3395
1388,3396
1388,3398
1388,3400
1388,3401
1388,3403
1388,3405
1388,3406
1388,3408
1388,3410
410,3411
1388,3413
1388,3415
1388,3417
1388,3419
1388,3421
1388,3424
1388,3426
1388,3428
1388,3430
1388,3432
1388,3434
1388,3436
1388,3438
1388,3440
1388,3442
208,3444
1388,3446
1388,3450
1388,3453
1388,3456
1388,3459
1388,3462
1388,3465
1388,3468
1388,3471
1388,3474
151,3477
1388,3480
946,3496
1388,3513
1388,3516
1388,3518
1388,3520
1388,3523
1388,3525
1388,3527
1388,3530
1388,3532
1388,3535
1388,3537
1388,3539
1388,3542
1032,3544
1388,3546
1388,3548
1388,3550
1388,3551
1388,3553
1388,3554
1388,3556
1388,3557
1388,3559
1388,3560
1388,3562
1388,3563
1388,3565
1388,3566
1388,3568
1388,3569
1388,3571
1388,3572
1388,3574
1388,3575
1388,3577
941,3578
1388,3580
1388,3581
1388,3582
1388,3583
1388,3585
1388,3586
1388,3587
1388,3588
1388,3589
1388,3591
1388,3592
1388,3593
1388,3594
1388,3595
1388,3596
1388,3598
1388,3599
1388,3600
1388,3601
1388,3602
1388,3604
1388,3605
1388,3606
1388,3607
1388,3608
1388,3610
1388,3611
831,3612
1388,3613
1388,3614
1388,3615
1388,3616
1388,3617
1388,3618
1388,3619
1388,3620
1388,3621
1388,3623
1388,3624
1388,3625
1388,3626
1388,3627
1388,3628
1460,3630
1324,3630
1388,3631
1388,3632
1388,3633
1460,3636
1460,3636
1260,3637
1460,3640
1460,3640
1460,3640
1460,3643
1460,3644
1460,3644
1460,3647
1460,3647
1460,3650
1460,3651
1460,3651
1460,3653
1460,3653
1460,3656
1460,3657
1460,3657
1460,3661
1460,3661
1460,3662
844,3664
1457,3664
1460,3665
1460,3665
1460,3665
1460,3666
1460,3667
1460,3667
1460,3670
1460,3671
1460,3671
1460,3673
1460,3674
1460,3674
1460,3677
1460,3677
1460,3678
1460,3680
1460,3680
1460,3680
1460,3683
1460,3684
1460,3684
1460,3687
1460,3687
1460,3688
1460,3691
1460,3691
1460,3691
1460,3694
1460,3694
1460,3698
1460,3698
1460,3699
1460,3703
1460,3703
1460,3704
1460,3707
1460,3708
1460,3708
1460,3710
1459,3711
1460,3712
1460,3712
1460,3712
1460,3714
1460,3714
1460,3714
1460,3717
1460,3718
1460,3718
1460,3721
1460,3721
1460,3721
1460,3724
1460,3724
1460,3726
1460,3727
173,3727
1252,3730
1388,3746
491,3763
1388,3780
900,3796
1388,3813
523,3830
0,3846
1388,3846
531,3863
1388,3880
0,3895
1111,3896
0,3906
1388,3913
645,3930
1388,3946
431,3963
0,3973
1388,3980
159,3996
1388,4013
0,4028
20,4030
0,4040
1087,4046
1093,4080
0,4090
0,4093
1388,4113
131,4130
1388,4146
168,4163
1388,4180
281,4196
1388,4213
0,4228
0,4229
497,4230
1388,4246
484,4263
1388,4280
529,4296
0,4308
0,4310
1388,4313
923,4330
1388,4346
705,4363
0,4373
1388,4380
0,4390
826,4396
1388,4413
1061,4430
0,4440
1388,4446
0,4456
1137,4463
1388,4480
1388,4491
73,4502
1388,4513
0,4523
1388,4524
0,4534
410,4535
1388,4546
1388,4558
121,4569
1388,4580
1388,4591
0,4601
96,4602
0,4612
1388,4613
1388,4624
331,4635
1388,4646
1388,4658
627,4669
0,4679
1388,4680
0,4690
1388,4691
83,4702
1388,4713
1388,4724
790,4735
1388,4746
0,4758
1388,4758
202,4769
0,4779
1388,4780
0,4790
1388,4791
384,4802
1388,4813
1388,4824
0,4834
415,4835
0,4846
1388,4846
0,4856
1388,4858
354,4869
1388,4880
1388,4891
0,4901
355,4902
0,4913
1388,4913
1388,4921
1388,4930
62,4938
1388,4946
1388,4955
1388,4963
83,4971
1388,4980
1388,4991
1376,5002
1388,5013
0,5023
1388,5024
0,5034
1008,5035
1388,5046
1388,5055
1388,5063
768,5071
1388,5080
1388,5088
1388,5096
944,5105
1388,5113
1388,5114
1388,5115
1388,5115
1388,5116
1388,5117
1388,5118
1388,5118
1388,5119
1388,5120
1388,5121
1388,5121
1388,5122
1388,5123
1388,5124
1388,5125
1388,5125
1388,5126
1388,5127
1388,5128
1388,5128
1388,5129
1388,5130
1388,5131
1388,5131
1388,5132
1388,5133
1388,5134
1388,5134
1388,5135
1388,5136
1388,5137
1388,5137
1388,5138
1388,5139
1388,5140
1388,5140
1388,5141
1388,5142
1388,5143
1388,5143
1388,5144
1388,5145
1460,5161
1460,5161
1460,5163
1460,5163
354,5164
1388,5169
351,5174
1388,5180
1388,5185
1388,5191
1388,5196
1388,5202
537,5208
1388,5213
1388,5219
1388,5224
1388,5230
1388,5235
1251,5241
1388,5246
1388,5251
1388,5256
1388,5261
1388,5266
1388,5270
124,5275
1388,5280
1388,5285
1388,5289
1388,5294
1388,5299
1388,5304
1130,5308
1388,5313
1388,5317
1388,5321
1388,5324
1388,5328
1388,5332
1388,5335
1388,5339
202,5343
1388,5346
1388,5350
1388,5354
1388,5358
1388,5361
1388,5365
1388,5369
1388,5372
1091,5376
1388,5380
1388,5384
1388,5387
1388,5391
1388,5395
1388,5398
1388,5402
1388,5406
1282,5409
1388,5413
1388,5417
1388,5421
1388,5424
1388,5428
1388,5432
1388,5435
1388,5439
834,5443
1388,5446
1388,5451
1388,5455
1388,5459
1388,5463
1388,5467
1388,5471
1307,5476
1388,5480
1388,5483
1388,5486
1388,5490
1388,5493
1388,5496
1388,5500
1388,5503
1388,5506
384,5510
1388,5513
1388,5517
1388,5521
1388,5524
1388,5528
1388,5532
1388,5535
1388,5539
1121,5543
1388,5546
1388,5551
1388,5555
1388,5559
1388,5563
1388,5567
1388,5571
819,5576
1388,5580
1388,5585
1388,5589
1388,5594
1388,5599
1388,5604
884,5608
1388,5613
1388,5617
1388,5621
1388,5624
1388,5628
1388,5632
1388,5635
1388,5639
259,5643
1388,5646
1388,5650
1388,5654
1388,5658
1388,5661
1388,5665
1388,5669
1388,5672
1174,5676
1388,5680
1388,5684
1388,5688
1388,5692
1388,5696
1388,5701
1388,5705
840,5709
1388,5713
1388,5721
1388,5730
532,5738
1388,5746
1388,5748
1388,5749
1388,5750
1388,5751
1388,5752
1388,5754
1388,5755
1388,5756
1388,5757
1388,5758
1388,5760
1388,5761
1388,5762
1388,5763
1388,5764
1388,5766
1388,5767
1388,5768
1388,5769
1388,5770
1388,5771
1388,5773
1388,5774
1388,5775
1388,5776
1388,5777
885,5779
1388,5780
1388,5786
1388,5793
1388,5800
1108,5806
1388,5813
1388,5819
1388,5824
1388,5830
1388,5835
769,5841
1388,5846
1388,5852
1388,5858
1388,5863
1388,5869
580,5874
1388,5880
1388,5885
1388,5891
1388,5896
1388,5902
1336,5908
1388,5913
1388,5920
1388,5926
1388,5933
880,5940
1388,5946
1388,5952
1388,5958
1388,5963
1388,5969
812,5974
1388,5980
1388,5985
1388,5991
1388,5996
1388,6002
46,6008
1388,6013
1388,6020
1388,6026
1388,6033
928,6040
1388,6046
1388,6053
1388,6060
1388,6066
1341,6073
1388,6080
1388,6085
1388,6091
1388,6096
1388,6102
1019,6108
1388,6113
1388,6119
1388,6124
1388,6130
1388,6135
321,6141
1388,6146
1388,6153
1388,6160
1388,6166
19,6173
1388,6180
1388,6186
1388,6193
1388,6200
1118,6206
1388,6213
1388,6220
1388,6226
1388,6233
919,6240
1388,6246
1388,6253
1388,6260
1388,6266
146,6273
1388,6280
1388,6286
1388,6293
1388,6300
936,6306
1068,6307
1388,6313
1388,6320
1388,6326
1388,6333
828,6340
1388,6346
1388,6352
1388,6358
1388,6363
1388,6369
102,6374
1388,6380
1388,6385
1388,6391
1388,6396
1388,6402
482,6408
1388,6413
1388,6420
1388,6426
1388,6433
1162,6440
1388,6446
1388,6455
1388,6463
530,6471
1388,6480
1388,6488
1388,6496
80,6505
1388,6513
1388,6521
1388,6530
943,6538
1388,6546
1388,6555
1388,6563
1084,6571
1388,6580
1388,6588
1388,6596
1188,6605
1388,6613
1388,6620
1388,6626
1388,6633
351,6640
1388,6646
1388,6653
1388,6660
1388,6666
286,6673
1388,6680
1388,6686
1388,6693
1388,6700
136,6706
1388,6713
1388,6719
1388,6724
1388,6730
1388,6735
323,6741
1388,6746
1388,6752
1388,6758
1388,6763
1388,6769
263,6774
1388,6780
1388,6785
1388,6791
1388,6796
1388,6802
1106,6808
1388,6813
1388,6819
1388,6824
1388,6830
1388,6835
605,6841
1388,6846
1388,6853
1388,6860
1388,6866
777,6873
1388,6880
1388,6886
1388,6893
1388,6900
1016,6906
1388,6913
1388,6920
1388,6926
1388,6933
1336,6940
1407,6946
1388,6947
1388,6953
1388,6960
1388,6966
1039,6973
1388,6980
1388,6985
1388,6991
1388,6996
1388,7002
107,7008
1388,7013
1388,7021
1388,7030
1319,7038
1388,7046
1388,7048
1388,7049
1388,7050
1388,7052
1388,7053
1388,7054
1388,7055
1388,7057
1388,7058
1388,7059
1388,7061
1388,7062
1388,7063
1388,7064
1388,7066
1388,7067
1388,7068
1388,7070
1388,7071
1388,7072
1388,7073
1388,7075
1388,7076
1388,7077
747,7079
1388,7080
1388,7091
980,7102
1388,7113
1388,7124
1268,7135
0,7146
1388,7146
1388,7158
0,7168
1018,7169
1388,7180
1388,7191
649,7202
1388,7213
1388,7224
0,7234
850,7235
0,7245
1388,7246
1388,7258
1034,7269
1388,7280
0,7290
1388,7291
0,7302
780,7302
1388,7313
1388,7324
0,7334
822,7335
0,7346
1388,7346
1388,7358
645,7369
1388,7380
1388,7391
535,7402
0,7413
1388,7413
1388,7424
539,7435
1388,7446
1388,7458
0,7468
181,7469
1388,7480
1388,7491
318,7502
0,7512
1388,7513
1388,7524
577,7535
1388,7546
1388,7558
641,7569
0,7579
1388,7580
1388,7591
689,7602
1388,7613
1388,7624
723,7635
1388,7646
1388,7658
0,7668
974,7669
0,7679
1388,7680
1388,7691
910,7702
1388,7713
0,7723
1388,7724
0,7735
688,7735
1388,7746
1388,7758
935,7769
1388,7780
1388,7791
0,7801
1266,7802
0,7812
1388,7813
1388,7821
1388,7830
54,7838
1388,7846
1388,7855
1388,7863
329,7871
1388,7880
1388,7888
1388,7896
463,7905
1388,7913
1388,7921
1388,7930
266,7938
1388,7946
1388,7958
867,7969
0,7979
1388,7980
0,7990
1276,7996
1388,8013
1388,8024
0,8035
864,8035
0,8046
1388,8046
0,8056
1388,8058
589,8069
1388,8080
1388,8091
0,8101
164,8102
0,8113
1388,8113
1388,8124
466,8135
1388,8146
0,8156
1388,8158
155,8169
1388,8180
0,8192
1322,8196
1388,8213
1388,8224
209,8235
1388,8246
1388,8258
464,8269
0,8279
1388,8280
0,8290
1388,8291
653,8302
1388,8313
0,8324
1388,8324
299,8335
1388,8346
1388,8358
524,8369
1388,8380
1388,8391
886,8402
0,8412
1388,8413
0,8423
1388,8424
941,8435
1388,8446
1388,8458
1052,8469
1388,8480
0,8490
1388,8491
1205,8502
0,8512
1388,8513
0,8523
1388,8524
701,8535
1388,8546
1388,8558
208,8569
0,8579
1388,8580
1388,8591
1219,8602
1388,8613
1388,8621
1388,8630
303,8638
1388,8646
1388,8655
1388,8663
458,8671
1388,8680
1388,8691
0,8701
1124,8702
1388,8713
1388,8724
491,8735
0,8745
1388,8746
1388,8758
705,8769
1388,8780
1388,8791
1334,8802
1388,8813
1388,8821
1388,8830
585,8838
1388,8846
1388,8855
1388,8863
944,8871
1388,8880
1388,8888
1388,8896
748,8905
1388,8913
1388,8921
1388,8930
311,8938
1388,8946
1388,8955
1388,8963
233,8971
1388,8980
1388,8988
1388,8996
937,9005
1388,9013
1388,9021
1388,9030
899,9038
1388,9046
1388,9055
1388,9063
862,9071
1388,9080
1388,9088
1388,9096
860,9105
1388,9113
1388,9121
1388,9130
332,9138
1388,9146
1388,9155
1388,9163
266,9171
1388,9180
1388,9188
1388,9196
371,9205
1388,9213
1388,9221
1388,9230
165,9238
1388,9246
1388,9255
1388,9263
281,9271
1388,9280
1388,9288
1388,9296
118,9305
1388,9313
0,9323
1388,9324
813,9335
0,9345
1388,9346
1388,9358
1245,9369
1388,9380
1388,9391
1240,9402
1388,9413
1388,9424
933,9435
1388,9446
1388,9458
860,9469
1388,9480
1388,9491
789,9502
1388,9513
0,9523
1388,9524
0,9534
782,9535
1388,9546
1388,9558
724,9569
1388,9580
1388,9591
0,9601
481,9602
1388,9613
1388,9621
1388,9630
392,9638
1388,9646
1388,9655
1407,9660
1388,9663
1207,9673
1388,9683
1388,9686
1460,9708
1375,9708
1388,9713
1388,9721
1388,9730
1132,9738
1388,9746
1388,9755
1388,9763
1109,9771
1388,9780
1388,9788
1388,9796
1236,9805
1388,9813
1388,9824
1241,9835
0,9845
1388,9846
1388,9855
1388,9863
165,9871
1388,9880
1388,9888
1388,9896
171,9905
1388,9913
0,9923
1388,9924
870,9935
1388,9946
1388,9958
0,9968
593,9969
1388,9980
1388,9991
870,10002
0,10012
1388,10013
1388,10024
634,10035
1388,10046
1388,10058
0,10068
904,10069
1388,10080
1388,10091
862,10102
1388,10113
0,10123
1388,10124
538,10135
1388,10146
1388,10158
0,10168
568,10169
1388,10180
1388,10191
967,10202
1388,10213
1388,10224
0,10234
1334,10235
0,10245
1388,10246
1388,10255
1388,10263
170,10271
1388,10280
1388,10288
1388,10296
463,10305
1388,10313
1388,10321
1388,10330
440,10338
1388,10346
1388,10355
1388,10363
230,10371
1388,10380
1388,10388
1388,10396
18,10405
1388,10413
518,10430
0,10440
1388,10446
1388,10447
1388,10448
1388,10449
1388,10450
1388,10451
1388,10452
1388,10453
1388,10454
1388,10455
1388,10455
1388,10456
1388,10457
1388,10458
1388,10459
1388,10460
1388,10461
1388,10462
1388,10463
1388,10464
1388,10464
1388,10465
1388,10466
1388,10467
1388,10468
1388,10469
1388,10470
1388,10471
1388,10472
1388,10473
1388,10474
1388,10474
1388,10475
1388,10476
1388,10477
1388,10478
918,10479
1388,10480
1388,10486
1388,10493
1388,10500
332,10506
1388,10513
1407,10514
1388,10519
1388,10524
1388,10530
1388,10535
964,10541
1388,10546
1388,10552
1388,10558
1388,10563
1388,10569
1224,10574
1388,10580
1388,10585
1388,10591
1388,10596
1388,10602
1018,10608
1388,10613
1388,10619
1388,10624
1388,10630
1388,10635
874,10641
1388,10646
1388,10652
1388,10658
1388,10663
1388,10669
808,10674
1388,10680
1388,10685
1388,10689
1388,10694
1388,10699
1388,10704
45,10708
1388,10713
1388,10718
1388,10723
1388,10727
1388,10732
1388,10737
56,10742
1388,10746
1388,10751
1388,10756
1388,10761
1388,10766
1388,10770
497,10775
1388,10780
1388,10785
1388,10791
1388,10796
1388,10802
1256,10808
1388,10813
1388,10819
1388,10824
1388,10830
1388,10835
720,10841
1388,10846
1388,10852
1388,10858
1388,10863
1388,10869
163,10874
1388,10880
1388,10885
1388,10891
1388,10896
1388,10902
98,10908
1388,10913
1388,10918
1388,10923
1388,10927
1388,10932
1388,10937
200,10942
1388,10946
1388,10952
1388,10958
1388,10963
1388,10969
1000,10974
1388,10980
1388,10985
1388,10989
1388,10994
1388,10999
1388,11004
725,11008
1388,11013
1388,11017
1388,11021
1388,11026
1388,11030
1388,11034
1388,11038
137,11042
1388,11046
1388,11051
1388,11055
1388,11059
1388,11063
1388,11067
1388,11071
340,11076
1388,11080
1388,11085
1388,11089
1388,11094
1388,11099
1388,11104
1268,11108
1388,11113
1388,11117
1388,11121
1388,11126
1388,11130
1388,11134
1388,11138
586,11142
1388,11146
1388,11150
1388,11154
1388,11158
1388,11161
1388,11165
1388,11169
1388,11172
99,11176
1388,11180
1388,11184
1388,11187
1388,11191
1388,11195
1388,11198
1388,11202
1388,11206
793,11209
1388,11213
1388,11216
1388,11220
1388,11223
1388,11226
1388,11230
1388,11233
1388,11236
1388,11240
67,11243
1388,11246
1388,11250
1388,11254
1388,11258
1388,11261
1388,11265
1388,11269
1388,11272
1128,11276
1388,11280
1388,11283
1388,11286
1388,11290
1388,11293
1388,11296
1388,11300
1388,11303
1388,11306
224,11310
1388,11313
1388,11316
1388,11319
1388,11322
1388,11325
1388,11328
1388,11331
1388,11334
1388,11337
1388,11340
412,11343
1388,11346
1388,11350
1388,11353
1388,11356
1388,11359
1388,11362
1388,11365
1388,11368
1388,11371
1388,11374
579,11377
1388,11380
1388,11383
1388,11386
1388,11389
1388,11392
1388,11395
1388,11398
1388,11401
1388,11404
1388,11407
188,11410
1388,11413
1388,11416
1388,11419
1388,11422
1388,11425
1388,11428
1388,11431
1388,11434
1388,11437
1388,11440
68,11443
1388,11446
1460,11482
1460,11493
1460,11493
1460,11503
1460,11515
97,11537
1460,11550
1460,11560
1460,11570
1489,11586
1460,11618
1460,11619
1460,11629
1460,11639
1460,11675
1460,11676
1460,11686
1460,11696
1460,11732
1460,11732
1460,11752
1460,11762
1460,11773
1460,11791
1460,11801
1460,11821
1460,11822
1460,11822
1460,11823
1460,11823
1460,11823
1460,11824
1460,11824
1460,11825
1460,11825
1460,11825
1460,11826
1460,11826
1460,11827
1460,11827
1460,11827
1459,11828
1460,11828
1460,11829
1460,11829
1460,11829
1460,11830
1460,11830
1460,11831
1460,11831
1460,11831
1460,11832
1460,11832
1460,11833
1460,11833
1459,11833
1460,11834
1460,11834
1460,11834
1460,11835
1460,11835
1460,11836
1460,11836
1460,11836
1460,11837
1460,11837
1460,11838
1460,11858
1460,11858
1460,11859
1460,11859
1460,11869
1460,11869
1460,11870
1460,11870
1460,11870
1459,11871
1460,11871
1460,11872
1460,11872
1460,11872
1491,11872
1460,11873
1459,11873
1460,11874
1460,11874
1460,11874
1460,11875
1460,11875
1460,11875
1460,11876
1460,11876
1460,11877
1460,11877
1460,11877
1460,11878
1460,11878
1460,11879
1460,11879
1460,11879
1460,11880
1460,11880
1460,11881
1460,11881
1460,11881
1460,11882
1460,11882
1460,11883
1460,11883
1460,11883
1491,11883
1459,11884
1460,11884
1460,11885
1460,11885
1460,11885
1460,11886
1460,11886
1460,11887
1460,11887
1460,11887
1460,11888
1460,11888
1460,11889
1460,11889
1460,11889
637,11890
1388,11891
1388,11895
1388,11898
1388,11902
1388,11906
285,11909
1388,11913
1388,11916
1388,11920
1388,11923
1388,11926
1388,11930
1388,11933
1489,11933
1388,11936
1388,11940
93,11943
1388,11946
1388,11950
1388,11954
1388,11958
1388,11961
1388,11965
1388,11969
1388,11972
682,11976
1388,11980
1388,11983
1388,11986
1388,11990
1388,11993
1388,11996
1388,12000
1388,12003
1388,12006
1246,12010
1388,12013
1388,12016
1388,12020
1388,12023
1388,12026
1388,12030
1388,12033
1388,12036
1388,12040
1300,12043
1388,12046
1388,12050
1388,12053
1388,12056
1388,12059
1388,12062
1388,12065
1388,12068
1388,12071
1388,12074
589,12077
1388,12080
1388,12083
1388,12086
1388,12089
1388,12092
1388,12095
1388,12098
1388,12101
1388,12104
1388,12107
1200,12110
1388,12113
1388,12116
1388,12119
1388,12122
1388,12125
1388,12128
1429,12129
1388,12131
1388,12134
1388,12137
1388,12140
1387,12143
1388,12146
1388,12149
1388,12152
1388,12155
1388,12158
1388,12160
1388,12163
1388,12166
1388,12169
1388,12171
1388,12174
186,12177
1388,12180
1388,12183
1388,12185
1388,12188
1388,12191
1388,12194
1388,12196
1388,12199
1388,12202
1388,12205
1388,12208
1298,12210
1388,12213
1388,12216
1388,12218
1388,12221
1388,12223
1388,12226
1388,12229
1388,12231
1388,12234
1388,12236
1388,12239
1388,12241
483,12244
1388,12246
1388,12249
1388,12252
1388,12254
1388,12257
1388,12259
1388,12262
1388,12264
1388,12267
1388,12270
1388,12272
1388,12275
128,12277
1388,12280
1388,12283
1388,12286
1388,12289
1388,12292
1388,12295
1388,12298
1388,12301
1388,12304
1388,12307
1289,12310
1388,12313
1388,12316
1388,12319
1388,12322
1388,12325
1388,12328
1388,12331
1388,12334
1388,12337
1388,12340
1021,12343
1388,12346
1388,12349
1388,12352
1388,12355
1388,12358
1388,12360
1388,12363
1388,12366
1388,12369
1388,12371
1388,12374
1201,12377
1388,12380
1388,12383
1388,12385
1388,12388
1388,12391
1388,12394
1388,12396
1388,12399
1388,12402
1388,12405
1388,12408
327,12410
1388,12413
1388,12416
1388,12419
1388,12421
1388,12424
1388,12427
1388,12430
1388,12433
1388,12435
1388,12438
1388,12441
296,12444
1388,12446
1388,12449
1388,12452
1388,12455
1388,12458
1388,12460
1388,12463
1388,12466
1388,12469
1388,12471
1388,12474
822,12477
1388,12480
1388,12482
1388,12485
1388,12487
1388,12490
1388,12493
1388,12495
1388,12498
1388,12500
1388,12503
1388,12505
1429,12507
1388,12508
220,12511
1388,12513
1388,12516
1388,12518
1388,12520
1388,12523
1388,12525
1388,12527
1388,12530
1388,12532
1388,12535
1388,12537
1388,12539
1388,12542
558,12544
1388,12546
1388,12549
1388,12552
1388,12555
1388,12558
1388,12560
1388,12563
1388,12566
2858,12568
1388,12569
1388,12571
1388,12574
389,12577
1388,12580
1388,12585
1388,12589
1388,12594
1388,12599
1388,12604
1255,12608
1388,12613
1388,12617
1388,12621
1388,12626
1388,12630
1388,12634
1388,12638
588,12642
1388,12646
1388,12652
1388,12658
1388,12663
1388,12669
1219,12674
1388,12680
1388,12685
1388,12689
1388,12694
1388,12699
1388,12704
106,12708
1388,12713
1388,12718
1388,12723
1388,12727
1388,12732
1388,12737
1037,12742
1388,12746
1388,12751
1388,12756
1388,12761
1388,12766
1388,12770
607,12775
1388,12780
1388,12785
1388,12789
1388,12794
1388,12799
1388,12804
315,12808
1388,12813
1388,12819
1388,12824
1388,12830
1388,12835
640,12841
1388,12846
1388,12853
1388,12860
1388,12866
1019,12873
1388,12880
1388,12885
1388,12889
1388,12894
1388,12899
1388,12904
399,12908
1388,12913
1388,12917
1388,12921
1388,12924
1388,12928
1388,12932
1388,12935
1388,12939
57,12943
1388,12946
1388,12951
1388,12956
1388,12961
1388,12966
1388,12970
632,12975
1388,12980
1388,12984
1388,12987
1388,12991
1388,12995
1388,12998
1388,13002
1388,13006
454,13009
1388,13013
1388,13017
1388,13021
1388,13026
1388,13030
1388,13034
1388,13038
907,13042
1388,13046
1388,13053
1388,13060
1388,13066
616,13073
1388,13080
1388,13085
1388,13089
1388,13094
1388,13099
1388,13104
429,13108
1388,13113
1388,13117
1388,13121
1388,13124
1388,13128
1388,13132
1388,13135
1388,13139
309,13143
1388,13146
1388,13151
1388,13155
1388,13159
1388,13163
1388,13167
1388,13171
1258,13176
1388,13180
1388,13184
1388,13188
1388,13192
1388,13196
1388,13201
1388,13205
1350,13209
470,13212
1388,13213
1388,13217
1388,13221
1388,13226
1388,13230
1388,13234
1388,13238
1274,13242
1388,13246
1388,13250
1388,13253
1388,13256
1388,13260
1388,13263
1388,13266
1388,13270
1388,13273
386,13276
1388,13280
1388,13285
1388,13289
1388,13294
1388,13299
1388,13304
894,13308
1388,13313
1388,13317
1388,13321
1388,13326
1431,13327
1388,13330
1388,13334
1388,13338
1284,13342
1388,13346
1388,13351
1388,13355
1388,13359
1388,13363
1388,13367
1388,13371
1227,13376
1388,13380
1388,13384
1388,13388
1388,13392
1388,13396
1388,13401
1388,13405
135,13409
1388,13413
1388,13418
1388,13423
1388,13427
1388,13432
1388,13437
1039,13442
1388,13446
1388,13451
1388,13456
1388,13461
1388,13466
1388,13470
759,13475
1388,13480
1388,13484
1388,13488
1388,13492
1388,13496
1388,13501
1388,13505
525,13509
1388,13513
1388,13517
1388,13521
1388,13526
1388,13530
1388,13534
1388,13538
513,13542
1388,13546
1388,13550
1388,13553
1388,13556
1388,13560
1388,13563
1388,13566
1388,13570
1388,13573
275,13576
1388,13580
1388,13584
1388,13588
1388,13592
1388,13596
1388,13601
1388,13605
456,13609
1388,13613
1388,13614
1388,13615
1388,13616
1388,13617
1388,13618
1388,13619
1388,13620
1388,13621
1388,13623
1388,13624
1388,13625
1388,13626
1388,13627
1388,13628
1388,13629
1388,13630
1388,13631
1388,13632
1388,13633
1388,13634
1388,13635
1388,13636
1388,13637
1388,13638
1388,13639
1388,13640
1388,13641
1388,13642
1388,13643
1388,13644
1159,13645
1388,13646
1388,13649
1388,13652
1388,13655
1388,13658
1388,13660
1388,13663
1388,13666
1388,13669
1388,13671
1388,13674
764,13677
1388,13680
1388,13682
1388,13685
1388,13687
1388,13689
1388,13692
1388,13694
1388,13696
1388,13699
1388,13701
1388,13704
1388,13706
1388,13708
199,13711
1388,13713
1388,13716
1388,13718
1388,13721
1388,13723
1388,13726
1388,13729
1388,13731
1388,13734
1388,13736
1388,13739
1388,13741
228,13744
1388,13746
1388,13749
1388,13752
1388,13754
1388,13757
1388,13759
1388,13762
1388,13764
1388,13767
1388,13770
1388,13772
1388,13775
1089,13777
1388,13780
1388,13782
1388,13784
1388,13786
1388,13788
1388,13790
1388,13792
1388,13794
1388,13796
1388,13799
1388,13801
1388,13803
1388,13805
1388,13807
1388,13809
142,13811
1388,13813
1388,13815
1388,13817
1388,13819
1388,13821
1388,13824
1388,13826
1388,13828
1388,13830
1388,13832
1388,13834
1388,13836
1388,13838
1388,13840
1388,13842
289,13844
1388,13846
1388,13849
1388,13851
1388,13853
1388,13855
1388,13857
1388,13859
1388,13861
1388,13863
1388,13865
1388,13867
1388,13869
1388,13871
1388,13874
1388,13876
702,13878
1388,13880
1388,13882
1388,13884
1388,13886
1388,13888
1388,13890
1388,13892
1388,13894
1388,13896
1388,13899
1388,13901
1388,13903
1388,13905
1388,13907
1388,13909
514,13911
1388,13913
1388,13915
1388,13918
1388,13920
1388,13922
1388,13924
1388,13926
1388,13929
1388,13931
1388,13933
1388,13935
1388,13938
1388,13940
1388,13942
1055,13944
1388,13946
1388,13949
1388,13951
1388,13953
1388,13955
1388,13957
1388,13959
1388,13961
1388,13963
1388,13965
1388,13967
1388,13969
1388,13971
1388,13974
1388,13976
406,13978
1388,13980
1388,13982
1388,13984
1388,13986
1388,13988
1388,13990
1388,13992
1388,13994
1388,13996
1388,13999
1388,14001
1388,14003
1388,14005
1388,14007
1388,14009
429,14011
1388,14013
1388,14015
1388,14018
1388,14020
1388,14022
1388,14024
1388,14026
1388,14029
1388,14031
1388,14033
1388,14035
1388,14038
1388,14040
1388,14042
1123,14044
1388,14046
1388,14049
1388,14051
1388,14053
1388,14055
1388,14058
1388,14060
1388,14062
1388,14064
1388,14066
1388,14069
1388,14071
1388,14073
1388,14075
1189,14078
1388,14080
1388,14082
1388,14084
1388,14086
1388,14089
1388,14091
1388,14093
1388,14095
1388,14098
1388,14100
1388,14102
1388,14104
1388,14106
1388,14109
662,14111
1388,14113
1388,14115
1388,14118
1388,14120
1388,14122
1388,14124
1388,14126
1388,14129
1388,14131
1388,14133
1388,14135
1388,14138
1388,14140
1388,14142
118,14144
1388,14146
1388,14149
1388,14151
1388,14154
1388,14156
1388,14158
1388,14161
1388,14163
1388,14166
1388,14168
1388,14170
1388,14173
1388,14175
883,14177
1388,14180
1388,14182
1388,14185
1388,14187
1388,14189
1388,14192
1388,14194
1388,14196
1388,14199
1388,14201
1388,14204
1388,14206
1388,14208
975,14211
1388,14213
1388,14216
1388,14218
1388,14220
1388,14223
1388,14225
1388,14227
1388,14230
1388,14232
1388,14235
1388,14237
1388,14239
1388,14242
943,14244
1388,14246
1388,14249
1388,14251
1388,14254
1388,14256
1388,14258
1388,14261
1388,14263
1388,14266
1388,14268
1388,14270
1388,14273
1388,14275
1309,14277
1388,14280
1388,14282
1388,14285
1388,14287
1388,14289
1388,14292
1388,14294
1388,14296
1388,14299
1388,14301
1388,14304
1388,14306
1388,14308
1355,14311
1388,14313
1388,14316
1388,14318
1388,14320
1388,14323
1388,14325
1388,14327
1388,14330
1388,14332
1388,14335
1388,14337
1388,14339
1388,14342
1291,14344
1388,14346
1388,14349
1388,14351
1388,14354
1388,14356
1388,14358
1388,14361
1388,14363
1388,14366
1388,14368
1388,14370
1388,14373
1388,14375
1225,14377
1388,14380
1388,14382
1388,14385
1388,14387
1388,14389
1388,14392
1388,14394
1388,14396
1388,14399
1388,14401
1388,14404
1388,14406
1388,14408
999,14411
1388,14413
1388,14416
1388,14418
1388,14420
1388,14423
1388,14425
1388,14427
1388,14430
1388,14432
1388,14435
1388,14437
1388,14439
1388,14442
1250,14444
1388,14446
1388,14449
1388,14451
1388,14454
1388,14456
1388,14458
1388,14461
1388,14463
1388,14466
1388,14468
1388,14470
1388,14473
1388,14475
242,14477
1388,14480
1388,14482
1388,14485
1388,14487
1388,14489
1388,14492
1388,14494
1388,14496
1388,14499
1388,14501
1388,14504
1388,14506
1388,14508
252,14511
1388,14513
1388,14516
1388,14518
1388,14520
1388,14523
1388,14525
1388,14527
1388,14530
1388,14532
1388,14535
1388,14537
1388,14539
1388,14542
1200,14544
1388,14546
1388,14549
1388,14551
1388,14553
1388,14555
1388,14558
1388,14560
1388,14562
1388,14564
1388,14566
1388,14569
1388,14571
1388,14573
1388,14575
487,14578
1388,14580
1388,14582
1388,14584
1388,14586
1388,14589
1388,14591
1388,14593
1388,14595
1388,14598
1388,14600
1388,14602
1388,14604
1388,14606
1388,14609
585,14611
1388,14613
1388,14616
1388,14618
1388,14620
1388,14623
1388,14625
1388,14627
1388,14630
1388,14632
1388,14635
1388,14637
1388,14639
1388,14642
980,14644
1388,14646
1388,14649
1388,14651
1388,14654
1388,14656
1388,14658
1388,14661
1388,14663
1388,14666
1388,14668
1388,14670
1388,14673
1388,14675
1085,14677
1388,14680
1388,14682
1388,14685
1388,14687
1388,14689
1388,14692
1388,14694
1388,14696
1388,14699
1388,14701
1388,14704
1388,14706
1388,14708
1375,14711
1388,14713
1388,14716
1388,14718
1388,14720
1388,14723
1388,14725
1388,14727
1388,14730
1388,14732
1388,14735
1388,14737
1388,14739
1388,14742
814,14744
1388,14746
1388,14749
1388,14751
1388,14754
1388,14756
1388,14758
1388,14761
1388,14763
1439,14763
1388,14766
1388,14768
1388,14770
1388,14773
1460,14780
1460,14781
442,14781
1388,14782
1388,14785
1388,14787
1388,14789
1388,14792
1388,14794
1388,14796
1388,14799
1388,14801
1388,14804
1388,14806
1388,14808
868,14811
1388,14813
1388,14816
1388,14818
1388,14820
1388,14823
1388,14825
1388,14827
1388,14830
1388,14832
1388,14835
1388,14837
1388,14839
1388,14842
184,14844
1388,14846
1388,14849
1388,14852
1515,14854
1388,14854
1388,14857
1388,14859
1388,14862
1388,14864
1388,14867
1388,14870
1388,14872
1388,14875
587,14877
1388,14880
1388,14882
1388,14885
1388,14887
1388,14890
1388,14893
1388,14895
1388,14898
1388,14900
1388,14903
1388,14905
1388,14908
496,14911
1388,14913
1388,14916
1388,14918
1388,14921
1388,14923
1388,14926
1388,14929
1388,14931
1388,14934
1388,14936
1388,14939
1388,14941
240,14944
1388,14946
1388,14949
1388,14952
1388,14955
1388,14958
1388,14960
1388,14963
1388,14966
1388,14969
1388,14971
1388,14974
1222,14977
1388,14980
1388,14982
1388,14985
1388,14987
1388,14990
1388,14993
1388,14995
1388,14998
1388,15000
1388,15003
1388,15005
1388,15008
289,15011
1443,15011
1388,15013
1388,15016
1388,15018
1388,15021
1388,15023
1388,15026
1388,15029
1388,15031
1388,15034
1388,15036
1388,15039
1388,15041
38,15044
1388,15046
1388,15049
1388,15052
1388,15054
1388,15057
1388,15059
1388,15062
1388,15064
1388,15067
1388,15070
1388,15072
1388,15075
570,15077
1388,15080
1388,15082
1388,15085
1388,15087
1388,15090
1388,15093
1388,15095
1388,15098
1388,15100
1388,15103
1388,15105
1388,15108
99,15111
1388,15113
1388,15116
1388,15119
1388,15121
1388,15124
1388,15127
1388,15130
1388,15133
1388,15135
1388,15138
1388,15141
577,15144
1388,15146
1388,15149
1388,15152
1388,15155
1388,15158
1388,15160
1388,15163
1388,15166
1388,15169
1388,15171
1388,15174
1356,15177
1388,15180
1388,15183
1388,15185
1388,15188
1388,15191
1388,15194
1388,15196
1388,15199
1388,15202
1388,15205
1388,15208
1246,15210
1388,15213
1388,15216
1388,15218
1388,15221
1388,15223
1388,15226
1388,15229
1388,15231
1388,15234
1388,15236
1388,15239
1388,15241
186,15244
1388,15246
1388,15249
1388,15252
1388,15255
1388,15258
1388,15260
1388,15263
1388,15266
1388,15269
1388,15271
1388,15274
1030,15277
1388,15280
1388,15283
1388,15285
1388,15288
1388,15291
1388,15294
1388,15296
1388,15299
1388,15302
1388,15305
1388,15308
895,15310
1388,15313
1388,15316
1388,15319
1388,15322
1388,15325
1388,15328
1388,15331
1388,15334
1388,15337
1388,15340
1260,15343
1388,15346
1388,15350
1388,15353
1388,15356
1447,15357
1388,15359
1388,15362
1388,15365
1388,15368
1388,15371
1388,15374
571,15377
1388,15380
1388,15383
1388,15386
1388,15389
1388,15392
1388,15395
1388,15398
1388,15401
1388,15404
1388,15407
442,15410
1388,15413
1388,15416
1388,15419
1388,15422
1388,15425
1388,15428
1388,15431
1388,15434
1388,15437
1388,15440
888,15443
1388,15446
1388,15449
1388,15452
1388,15455
1388,15458
1388,15460
1388,15463
1388,15466
1388,15469
1388,15471
1388,15474
94,15477
1388,15480
1388,15483
1388,15485
1388,15488
1388,15491
1388,15494
1388,15496
1388,15499
1388,15502
1388,15505
1388,15508
849,15510
1388,15513
1388,15516
1388,15518
1388,15521
1388,15523
1388,15526
1388,15529
1388,15531
1388,15534
1388,15536
1388,15539
1388,15541
54,15544
1388,15546
1388,15549
1388,15552
1388,15554
1388,15557
1388,15559
1388,15562
1388,15564
1388,15567
1388,15570
1388,15572
1388,15575
173,15577
1388,15580
1388,15582
1388,15585
1388,15587
1388,15590
1388,15593
1388,15595
1388,15598
1388,15600
1388,15603
1388,15605
1388,15608
62,15611
1388,15613
1388,15616
1388,15619
1388,15621
1388,15624
1388,15627
1388,15630
1388,15633
1388,15635
1388,15638
1449,15641
1388,15641
1194,15644
1388,15646
1388,15649
1388,15652
1388,15655
1388,15658
1388,15660
1388,15663
1388,15666
1388,15669
1388,15671
1388,15674
782,15677
1388,15680
1388,15683
1388,15686
1388,15689
1388,15692
1388,15695
1388,15698
1388,15701
1388,15704
1388,15707
1285,15710
1388,15713
1388,15716
1388,15719
1388,15721
1388,15724
1388,15727
1388,15730
1388,15733
1388,15735
1388,15738
1388,15741
221,15744
1388,15746
1388,15749
1388,15752
1388,15754
1388,15757
1388,15759
1388,15762
1388,15764
1388,15767
1388,15770
1388,15772
1388,15775
55,15777
1388,15780
1388,15782
1388,15785
1388,15787
1388,15790
1388,15793
1388,15795
1388,15798
1388,15800
1388,15803
1388,15805
1388,15808
84,15811
1388,15813
1388,15816
1388,15819
1388,15821
1388,15824
1388,15827
1388,15830
1388,15833
1388,15835
1388,15838
1388,15841
1381,15844
1388,15846
1388,15849
1388,15852
1388,15855
1388,15858
1388,15860
1388,15863
1388,15866
1388,15869
1388,15871
1388,15874
767,15877
1388,15880
1388,15883
1388,15885
1388,15888
1388,15891
1388,15894
1388,15896
1388,15899
1388,15902
1388,15905
1388,15908
1261,15910
1388,15913
1388,15916
1388,15919
1388,15921
1388,15924
1388,15927
1388,15930
1388,15933
1388,15935
1388,15938
1388,15941
175,15944
1449,15944
1388,15946
1388,15950
1388,15953
1388,15956
1388,15959
1388,15962
1388,15965
1388,15968
1388,15971
1388,15974
1342,15977
1388,15980
1388,15983
1388,15985
1388,15988
1388,15991
1388,15994
1388,15996
1388,15999
1388,16002
1388,16005
1388,16008
858,16010
1388,16013
1388,16016
1388,16019
1388,16021
1388,16024
1388,16027
1388,16030
1388,16033
1388,16035
1388,16038
1388,16041
332,16044
1388,16046
1388,16049
1388,16052
1388,16055
1388,16058
1388,16060
1388,16063
1388,16066
1388,16069
1388,16071
1388,16074
413,16077
1388,16080
1388,16083
1388,16085
1388,16088
1388,16091
1388,16094
1388,16096
1388,16099
1388,16102
1388,16105
1388,16108
1020,16110
1388,16113
1388,16116
1388,16119
1388,16121
1388,16124
1388,16127
1388,16130
1388,16133
1388,16135
1388,16138
1388,16141
294,16144
1388,16146
1388,16150
1388,16153
393,16153
1388,16156
1388,16159
1388,16162
1388,16165
1388,16168
1388,16171
1451,16172
1388,16174
698,16177
1388,16180
1388,16183
1388,16186
1388,16190
1388,16193
1388,16196
1388,16200
1388,16203
1388,16206
1382,16210
1388,16213
1388,16217
1388,16221
1388,16224
1388,16228
1388,16232
1388,16235
1388,16239
1252,16243
1388,16246
1388,16250
1388,16254
1388,16258
1388,16261
1388,16265
1388,16269
1388,16272
877,16276
1388,16280
1388,16284
1388,16287
1388,16291
1388,16295
1388,16298
1388,16302
1388,16306
1006,16309
1388,16313
1388,16317
1388,16321
1388,16324
1388,16328
1388,16332
1388,16335
1388,16339
892,16343
1388,16346
1388,16350
1388,16354
1388,16358
1388,16361
1388,16365
1388,16369
1388,16372
165,16376
1388,16380
1388,16384
1388,16387
1388,16391
1388,16395
1388,16398
1388,16402
1388,16406
634,16409
1388,16413
1388,16417
1388,16421
1388,16424
1388,16428
1388,16432
1388,16435
1388,16439
143,16443
1388,16446
1388,16450
1388,16453
1388,16456
1388,16460
1388,16463
1388,16466
1388,16470
1388,16473
726,16476
1388,16480
1388,16483
1388,16486
1388,16490
1388,16493
1388,16496
1388,16500
1388,16503
1388,16506
460,16510
1388,16513
1388,16516
1388,16520
1388,16523
1388,16526
1388,16530
1388,16533
1388,16536
1388,16540
399,16543
1388,16546
1388,16550
1388,16553
1388,16556
1388,16560
1388,16563
1388,16566
1388,16570
1388,16573
233,16576
1388,16580
1388,16583
1388,16586
1388,16590
1388,16593
1388,16596
1388,16600
1388,16603
1388,16606
576,16610
1388,16613
1388,16616
1388,16620
1388,16623
1388,16626
1388,16630
1388,16633
1388,16636
1388,16640
1094,16643
1453,16644
1388,16646
1388,16650
1388,16654
1388,16658
1388,16661
1388,16665
1388,16669
1388,16672
1004,16676
1388,16680
1388,16684
1388,16688
1388,16692
1388,16696
1388,16701
1388,16705
316,16709
1388,16713
1388,16717
1388,16721
1388,16724
1388,16728
1388,16732
1388,16735
1388,16739
1013,16743
1388,16746
1388,16750
1388,16754
1388,16758
1388,16761
1388,16765
1388,16769
1388,16772
868,16776
1388,16780
1388,16784
1388,16788
1388,16792
1388,16796
1388,16801
1388,16805
103,16809
1388,16813
1388,16818
1388,16823
1388,16827
1388,16832
1388,16837
59,16842
1388,16846
1388,16852
1388,16858
1388,16863
1388,16869
322,16874
1388,16880
1388,16886
1388,16893
1388,16900
1017,16906
1388,16913
1388,16924
419,16935
1388,16946
1388,16950
1388,16953
1388,16956
1388,16959
1388,16962
1388,16965
1388,16968
1388,16971
1388,16974
584,16977
1388,16980
0,16990
174,16996
0,17012
1388,17013
0,17026
713,17030
1388,17046
1463,17048
843,17063
1388,17080
975,17096
1388,17113
0,17129
941,17130
0,17140
1388,17146
1139,17163
1388,17180
1233,17196
1388,17213
1253,17230
1388,17246
1276,17263
1388,17280
0,17290
0,17295
1292,17296
1388,17313
1388,17324
42,17335
1388,17346
0,17356
1388,17358
0,17368
17,17369
1388,17380
1388,17391
114,17402
1388,17413
1388,17424
0,17434
0,17435
367,17435
1388,17446
1388,17458
115,17469
1388,17480
1388,17491
0,17501
272,17502
1388,17513
0,17523
1388,17524
179,17535
0,17545
0,17546
1388,17546
1388,17558
329,17569
1388,17580
1388,17591
468,17602
1388,17613
1388,17624
0,17634
342,17635
1388,17646
0,17656
1388,17658
275,17669
0,17679
1388,17680
1388,17691
739,17702
1388,17713
1388,17724
474,17735
0,17745
1388,17746
0,17756
1388,17758
546,17769
0,17779
1388,17780
0,17790
1388,17791
0,17802
646,17802
1388,17813
1388,17824
700,17835
0,17845
1388,17846
0,17856
1388,17858
603,17869
1388,17880
1388,17891
857,17902
1388,17913
1388,17924
763,17935
1388,17946
1388,17958
902,17969
0,17979
1388,17980
0,17990
1388,17991
935,18002
1388,18013
1388,18024
0,18034
1224,18035
0,18046
1388,18046
1388,18055
1388,18063
57,18071
1388,18080
1388,18091
978,18102
0,18112
0,18113
1388,18113
1388,18124
1215,18135
1388,18146
1388,18158
1281,18169
1388,18180
1388,18188
1388,18196
61,18205
1388,18213
1388,18224
0,18234
1317,18235
1388,18246
1388,18258
1361,18269
0,18279
1388,18280
1388,18291
921,18302
0,18313
1388,18313
1388,18324
1196,18335
0,18345
1388,18346
0,18356
1388,18358
1180,18369
0,18379
1388,18380
1388,18391
1169,18402
0,18412
1388,18413
1388,18424
925,18435
1388,18446
1388,18458
0,18468
1345,18469
1388,18480
1388,18491
0,18501
1355,18502
0,18512
1388,18513
1388,18524
0,18534
979,18535
1388,18546
1388,18558
753,18569
1388,18580
1388,18591
899,18602
1388,18613
1388,18624
841,18635
1388,18646
0,18656
1388,18658
0,18668
929,18669
1388,18680
1388,18691
809,18702
1388,18713
1388,18724
0,18735
1025,18735
1388,18746
1388,18758
1217,18769
1388,18780
0,18790
1388,18791
1088,18802
1388,18813
1388,18824
0,18834
1356,18835
1388,18846
1388,18858
1369,18869
1388,18880
1388,18888
1388,18896
153,18905
1388,18913
1388,18921
1388,18930
335,18938
1388,18946
1388,18955
1388,18963
218,18971
1388,18980
1388,18988
1388,18996
210,19005
1388,19013
1388,19021
1388,19030
11,19038
1388,19046
1388,19055
1388,19063
411,19071
1388,19080
1388,19088
1388,19096
504,19105
1388,19113
1388,19121
1388,19130
766,19138
1388,19146
1388,19155
1388,19163
1033,19171
1388,19180
1388,19188
1388,19196
886,19205
1388,19213
1388,19221
1388,19230
700,19238
1388,19246
1388,19255
1388,19263
638,19271
1388,19280
1388,19288
1388,19296
1471,19301
188,19305
1388,19313
1388,19321
1388,19330
236,19338
1388,19346
1388,19358
1269,19369
1388,19380
0,19390
1388,19391
1308,19402
1388,19413
1388,19424
1053,19435
1388,19446
1388,19458
1237,19469
1388,19480
0,19490
1388,19491
1200,19502
1388,19513
1388,19524
861,19535
1388,19546
0,19556
1388,19558
732,19569
1388,19580
1388,19591
1281,19602
1388,19613
1388,19624
1126,19635
0,19645
1388,19646
1388,19658
1288,19669
1388,19680
1388,19691
1068,19702
1388,19713
1388,19724
1252,19735
0,19745
1388,19746
0,19756
1388,19758
1315,19769
1388,19780
1388,19791
1280,19802
1388,19813
0,19823
1388,19824
1337,19835
0,19845
1388,19846
1388,19855
1388,19863
21,19871
1388,19880
1388,19888
1388,19896
353,19905
1388,19913
1388,19921
1388,19930
454,19938
1388,19946
1388,19955
1388,19963
501,19971
1388,19980
1388,19988
1471,19993
1388,19996
