777,1065
0,1075
962,1097
0,1107
1116,1130
1298,1164
0,1174
0,1195
1344,1197
1243,1230
817,1264
0,1293
0,1293
957,1297
967,1330
1145,1364
319,1397
0,1428
1386,1430
1386,1433
1386,1436
1386,1439
1388,1441
1388,1444
1388,1447
1388,1450
1388,1453
1388,1455
1388,1458
791,1461
1388,1464
1388,1466
1388,1468
1388,1470
1388,1472
1388,1474
1388,1476
1388,1478
1388,1480
1388,1482
1388,1484
1388,1487
1388,1489
1388,1491
1388,1493
99,1495
1388,1497
1388,1499
1388,1501
1388,1503
1388,1505
1388,1507
1388,1509
1388,1512
1388,1514
1388,1516
1388,1518
1388,1520
1388,1522
1388,1524
1388,1526
962,1528
1388,1530
1388,1533
1388,1535
1388,1537
1388,1539
1388,1541
1388,1544
1388,1546
1388,1548
1388,1550
1388,1553
1388,1555
1388,1557
1388,1559
952,1561
1388,1564
1388,1566
1388,1569
1388,1572
1388,1575
1388,1578
1388,1580
1388,1583
1388,1586
1388,1589
1388,1591
281,1594
1388,1597
998,1614
1388,1630
1388,1633
1388,1635
1388,1638
1388,1641
1388,1643
1388,1646
1388,1648
1388,1651
1388,1653
1388,1656
1388,1658
711,1661
1388,1664
1388,1665
1388,1667
1388,1668
1388,1669
1388,1671
1388,1672
1388,1674
1388,1675
1388,1677
1388,1678
1388,1680
1388,1681
1388,1682
1388,1684
1388,1685
1399,1687
1460,1695
1460,1701
1460,1702
1460,1703
1460,1709
1459,1710
1460,1710
1460,1717
1460,1717
1460,1718
1460,1723
1460,1724
1460,1728
1460,1729
1460,1733
1460,1733
1460,1734
1460,1737
1460,1738
1460,1738
1460,1741
1460,1742
1460,1743
1460,1746
1460,1746
1460,1750
1459,1751
1460,1751
1460,1752
1460,1753
1460,1754
1460,1754
1460,1755
1460,1756
1460,1757
1460,1757
1460,1758
1460,1765
1460,1766
1460,1767
1460,1773
1460,1774
1460,1774
1460,1780
1460,1781
1459,1782
1460,1787
1460,1788
1460,1788
1460,1796
1460,1797
1473,1800
1460,1801
1460,1802
1460,1802
1460,1803
1460,1804
1460,1805
1460,1805
1460,1809
1460,1810
1460,1810
1460,1814
1460,1815
1460,1815
1460,1816
1460,1817
1460,1818
1459,1818
1460,1819
1460,1820
1460,1821
1460,1821
1459,1822
1460,1829
1460,1830
1460,1830
1460,1837
1460,1837
1460,1838
1473,1845
1460,1846
1460,1846
1460,1851
1460,1852
1460,1860
1460,1860
1460,1861
1460,1865
1460,1865
1460,1866
1460,1867
1460,1868
1460,1868
1460,1872
1456,1873
1460,1873
1460,1875
1460,1875
1460,1879
1460,1879
1460,1880
1460,1881
1460,1881
1460,1882
1474,1884
1460,1884
1460,1885
1460,1886
1460,1886
1460,1887
1460,1892
1460,1893
1460,1893
1460,1900
1460,1900
1460,1901
1460,1908
1460,1909
1460,1909
1460,1914
1460,1915
1460,1915
1460,1923
1460,1924
1460,1928
1456,1929
1460,1929
1460,1930
1460,1931
1460,1931
1460,1935
1460,1936
1460,1936
1460,1938
1460,1938
1460,1939
1460,1943
1460,1943
1460,1944
1460,1945
1460,1945
1460,1946
1460,1948
1460,1949
1460,1949
1489,1950
1460,1950
1460,1951
1459,1951
1460,1952
1460,1957
1460,1957
1460,1958
1460,1964
1460,1965
1460,1965
1460,1972
1460,1973
1460,1978
1460,1979
1460,1979
1460,1987
1460,1987
1460,1988
1460,1992
1460,1993
1460,1993
1460,1995
1460,1995
1460,1996
1460,1999
1460,2000
1460,2001
1459,2006
1460,2006
1460,2007
1475,2008
1460,2008
1460,2009
1460,2011
1460,2012
1460,2013
1460,2013
1460,2014
1460,2014
1460,2015
1460,2015
1460,2016
1460,2017
1460,2020
1460,2021
1460,2022
920,2028
1118,2030
848,2064
696,2097
0,2114
0,2129
977,2130
0,2162
947,2164
0,2174
0,2187
902,2197
856,2230
1271,2264
0,2274
0,2280
1345,2297
1388,2330
85,2347
1388,2364
208,2380
0,2395
1388,2397
0,2407
44,2414
1388,2430
0,2447
192,2447
0,2458
1388,2464
0,2480
158,2480
0,2490
1388,2497
272,2514
0,2524
0,2530
1388,2530
141,2547
0,2557
1388,2564
506,2580
1388,2597
535,2614
0,2629
1388,2630
0,2640
505,2647
1388,2664
577,2685
0,2695
0,2695
1388,2697
0,2713
571,2714
0,2724
1388,2731
0,2741
0,2741
765,2747
1388,2764
737,2780
0,2790
1388,2797
886,2814
0,2830
1388,2833
905,2852
1388,2877
943,2880
0,2890
0,2897
1460,2915
747,2916
1460,2960
1403,2979
1460,2981
1460,2983
964,2993
1388,3003
1460,3044
1460,3066
1460,3068
1254,3069
1388,3079
56,3089
1460,3131
1460,3141
1459,3179
1460,3189
1460,3199
1460,3263
1460,3273
1460,3283
1460,3332
1460,3350
1453,3360
1460,3420
1460,3430
1460,3440
1460,3503
1459,3513
1460,3523
1460,3577
1460,3594
1460,3612
1460,3665
1460,3675
1460,3685
1460,3748
1460,3758
1460,3768
1460,3831
1460,3849
1460,3867
1460,3904
1460,3922
1460,3955
1460,3965
1460,3975
1460,4038
1460,4048
1460,4058
1460,4121
1460,4139
1460,4156
1460,4199
1460,4212
1460,4222
1460,4285
1460,4295
1460,4305
1460,4368
1460,4393
1460,4417
1460,4442
1460,4452
1460,4466
1460,4476
1460,4539
1459,4549
1460,4559
1460,4622
1460,4644
1460,4666
1460,4696
1460,4706
1460,4720
1460,4730
1460,4784
1460,4794
1460,4804
1460,4867
1459,4877
1460,4887
1460,4950
1460,4976
1460,5002
1460,5028
1460,5049
1460,5059
1460,5074
1460,5116
1460,5126
1460,5136
1460,5200
1460,5210
1460,5220
1460,5273
1460,5286
1460,5303
1460,5318
1460,5361
1460,5381
1460,5391
1460,5401
1460,5449
1460,5479
1460,5489
1460,5499
1460,5562
1460,5572
1460,5582
1459,5645
1460,5668
1460,5691
1460,5733
1460,5750
1460,5780
1460,5790
1459,5800
1460,5863
1460,5873
1460,5883
1460,5961
1460,5978
1460,6041
1475,6049
1460,6059
1460,6069
1460,6079
1460,6122
1460,6157
1460,6167
1460,6177
1460,6240
1460,6250
1460,6260
1460,6308
1460,6338
1460,6348
1460,6358
1460,6421
1460,6431
1460,6441
1460,6495
1460,6516
1460,6526
1460,6540
1460,6583
1460,6614
1460,6624
1460,6634
1460,6697
1460,6707
1460,6717
1460,6771
1459,6787
1460,6797
1460,6807
1460,6859
1460,6885
1460,6895
1460,6905
1460,6968
1460,6978
1460,6988
1460,7035
1460,7066
1460,7076
1460,7086
1460,7149
1460,7159
1460,7169
1460,7233
1460,7261
1460,7289
1460,7317
1460,7349
1460,7359
1460,7369
1460,7432
1460,7442
1460,7452
1460,7515
1460,7537
1460,7558
1460,7589
1460,7599
1460,7646
1460,7656
1460,7666
1460,7729
1454,7739
1460,7749
1460,7812
1460,7834
1460,7857
1460,7890
1460,7908
1460,7918
1460,7978
1460,7988
1460,7998
1460,8062
1460,8072
1459,8082
1460,8135
1460,8155
1460,8169
1460,8223
1460,8245
1460,8267
1460,8277
1460,8287
1460,8350
1460,8360
1460,8370
1460,8423
1460,8446
1460,8456
1460,8468
1460,8512
1460,8534
1460,8556
1460,8600
1460,8610
1460,8620
1459,8683
1460,8693
1460,8703
1460,8766
1460,8788
1460,8809
1460,8854
1460,8864
1460,8874
1460,8938
1460,8948
1460,8958
1460,9011
1460,9032
1460,9042
1460,9056
1460,9099
1460,9130
1460,9140
1460,9150
1459,9214
1460,9224
1460,9234
1460,9287
1460,9308
1460,9318
1460,9332
1460,9375
1460,9407
1460,9417
1460,9427
1460,9490
1460,9500
1460,9510
1460,9563
1460,9584
1460,9594
1460,9608
1460,9651
1460,9672
1460,9693
1460,9739
1460,9749
1460,9759
1460,9833
1460,9896
2956,9921
1460,9931
1460,9941
1460,10004
1460,10014
1460,10024
1460,10088
1460,10108
1460,10129
1460,10161
1460,10171
1460,10218
1460,10228
1460,10238
1460,10301
1459,10311
1460,10321
1460,10384
1460,10405
1460,10426
1460,10457
1460,10467
1460,10514
1460,10524
1460,10534
1460,10598
1460,10608
1460,10618
1460,10681
1460,10710
1460,10740
1460,10764
1459,10779
1460,10828
1460,10850
1460,10872
1460,10882
1460,10892
1460,10955
1459,10965
1460,10975
1458,11028
1460,11038
1460,11055
1460,11116
1460,11126
1460,11136
1460,11200
1460,11210
1460,11220
1460,11283
1460,11303
1460,11324
1460,11371
1460,11381
1460,11391
1460,11412
1460,11433
1460,11453
1460,11464
1460,11474
1460,11495
1460,11515
1491,11516
1460,11536
1460,11556
1460,11566
1460,11576
1460,11597
1460,11609
1460,11622
1460,11634
1460,11644
1460,11656
1460,11668
1460,11680
1460,11691
1460,11703
1460,11714
1460,11724
1460,11734
1460,11746
1460,11757
1460,11769
1460,11779
1460,11789
1460,11800
1460,11810
1460,11822
1460,11830
1460,11839
1460,11848
1460,11856
1460,11865
1460,11873
1460,11882
1460,11890
1460,11899
1460,11907
1460,11916
1460,11924
1460,11933
1460,11940
1460,11948
1460,11955
1460,11962
1460,11970
1460,11977
1460,11983
1460,11990
1460,11996
1460,12001
1460,12007
1460,12012
1460,12017
1460,12023
1460,12028
1460,12034
1460,12039
1452,12043
1460,12048
1460,12053
1460,12058
1460,12062
1460,12067
1460,12072
1460,12077
1460,12081
1460,12086
1460,12091
1460,12096
1460,12100
1460,12108
1460,12116
1460,12123
1460,12131
1460,12135
1460,12139
1460,12143
1460,12148
1460,12152
1459,12156
1460,12160
1460,12165
1460,12169
1460,12173
1460,12177
1460,12182
1460,12186
1460,12190
1460,12194
1459,12199
1460,12203
1460,12207
1460,12211
1460,12216
1459,12220
1460,12224
1460,12228
1460,12233
1460,12237
2980,12241
1460,12241
1459,12245
1460,12253
1460,12258
1460,12262
1460,12266
1460,12270
1460,12275
1460,12279
1460,12283
1460,12287
1460,12292
1460,12296
1460,12300
1460,12304
1460,12308
1460,12313
1460,12316
1460,12320
1460,12324
1460,12328
1459,12331
1460,12335
1460,12339
1459,12342
1460,12346
1460,12350
1460,12354
1460,12357
1460,12361
1460,12365
1460,12368
1460,12372
1460,12376
1460,12380
1460,12383
1460,12387
1460,12391
1460,12395
1452,12398
1460,12402
1460,12406
1460,12409
1460,12413
1460,12417
1460,12421
1460,12424
1460,12428
1460,12432
1460,12435
1460,12439
1460,12443
1453,12447
1460,12450
1460,12453
1460,12457
1460,12460
1460,12463
1460,12466
1460,12470
1460,12473
1460,12476
1460,12480
1460,12483
1460,12486
1460,12489
1460,12493
1460,12496
1460,12499
1460,12503
1460,12506
1460,12509
1460,12512
1460,12516
1460,12519
1459,12522
1460,12526
1460,12529
1460,12532
1460,12535
1460,12538
1460,12541
1460,12543
1460,12546
1460,12549
1460,12551
1460,12554
1460,12557
1460,12559
1460,12562
1460,12564
1460,12567
1460,12570
1460,12572
1460,12574
1460,12577
1460,12579
1460,12581
1460,12584
1460,12586
1460,12588
1460,12591
1459,12593
1460,12596
1460,12598
1460,12600
1460,12603
1460,12605
1489,12607
1460,12607
1460,12611
1460,12615
1460,12619
1460,12623
1460,12627
1460,12630
1460,12634
1460,12638
1460,12642
1460,12646
1460,12648
1460,12651
1460,12654
1460,12656
1459,12659
1460,12661
1460,12664
1460,12666
1460,12669
1460,12671
1460,12674
1460,12676
1460,12678
1460,12680
1460,12683
1460,12685
1460,12687
1460,12689
1460,12692
1460,12694
1460,12696
1460,12698
1460,12700
1460,12703
1460,12705
1460,12707
1460,12709
1460,12712
1460,12714
1460,12716
1460,12718
1460,12720
1460,12723
1460,12725
1460,12727
1459,12729
1460,12732
1460,12734
1460,12736
1460,12738
1460,12740
1460,12743
1460,12745
1460,12747
1460,12749
1460,12751
1460,12754
1460,12756
1459,12758
1460,12760
1460,12763
1460,12765
1460,12767
1460,12769
1460,12771
1460,12774
1460,12776
1460,12778
1495,12779
1460,12780
1460,12783
1460,12785
1460,12787
1460,12789
1460,12791
1460,12794
1460,12796
1460,12798
1460,12800
1460,12803
1459,12805
1460,12807
1460,12809
1460,12811
1460,12814
1459,12816
1460,12818
1460,12820
1460,12822
1460,12825
1460,12827
1460,12829
1460,12831
1460,12834
1460,12836
1460,12838
1460,12840
1460,12842
1460,12845
1460,12847
1460,12849
1460,12851
1460,12853
1460,12855
1460,12857
1460,12860
1460,12862
1460,12864
1460,12866
1460,12868
1460,12870
1460,12872
1460,12874
1460,12876
1460,12878
1460,12880
1460,12883
1460,12885
1460,12887
1460,12889
1460,12891
1460,12893
1460,12895
1460,12897
1460,12899
1460,12901
1460,12904
1460,12906
1460,12908
1460,12910
1460,12912
1493,12912
1460,12914
1460,12916
1460,12918
1460,12920
1460,12922
1459,12925
1460,12927
1460,12929
1460,12931
1495,12931
1460,12933
1460,12935
1460,12937
1460,12939
1460,12941
1460,12943
1460,12946
1460,12948
1460,12950
1460,12952
1460,12954
1460,12956
1460,12958
1460,12960
1460,12962
1460,12964
1460,12967
1460,12969
1460,12971
1460,12973
1460,12975
1492,12975
1460,12977
1460,12979
1460,12981
1460,12983
1460,12985
1460,12987
1460,12989
1460,12991
1460,12993
1460,12995
1460,12997
1460,12999
1460,13001
1460,13003
1460,13005
1459,13006
1460,13008
1460,13010
1460,13012
1460,13014
1460,13015
1460,13017
1460,13019
1460,13021
1460,13023
1460,13025
1460,13026
1495,13028
1460,13028
1460,13030
1460,13032
1460,13034
1460,13036
1460,13037
1460,13039
1460,13041
1460,13043
1460,13045
1459,13046
1459,13048
1460,13050
1460,13052
1460,13053
1460,13055
1460,13056
1460,13057
1460,13059
1460,13060
1460,13062
1460,13063
1460,13064
1460,13066
1460,13067
1460,13069
1460,13070
1460,13072
1460,13073
1460,13074
1460,13076
1460,13077
1459,13079
1460,13080
1460,13081
1460,13083
1460,13084
1460,13086
1460,13087
1460,13088
1460,13090
1460,13091
1460,13093
1460,13094
1460,13096
1460,13097
1460,13098
1499,13099
1460,13100
1460,13101
1460,13103
1460,13104
1460,13105
1460,13107
1459,13108
1460,13110
1460,13111
1460,13113
1460,13114
1460,13115
1460,13118
1460,13120
1459,13122
1460,13125
1460,13127
1460,13129
1460,13131
1460,13133
1460,13136
1460,13138
1460,13140
1460,13141
1460,13143
1460,13144
1459,13145
1460,13147
1460,13148
1460,13150
1460,13151
1460,13153
1460,13154
1460,13155
1460,13157
1460,13158
1460,13160
1460,13161
1460,13163
1460,13164
1460,13165
1460,13167
1460,13168
1460,13170
1460,13171
1458,13172
1460,13174
1460,13175
1460,13176
1460,13178
1460,13179
1459,13180
1460,13182
1460,13183
1460,13184
1460,13186
1460,13187
1460,13188
1460,13190
1460,13191
1460,13192
1460,13194
1460,13195
1460,13196
1460,13198
1460,13199
1459,13200
1460,13202
1460,13203
1460,13204
1460,13206
1460,13207
1460,13208
1460,13210
1460,13211
1460,13212
1460,13214
1460,13215
1460,13217
1460,13218
1460,13219
1460,13221
1460,13222
1460,13223
1460,13225
1460,13226
1460,13227
1460,13229
1460,13230
1460,13231
1460,13233
1460,13234
1460,13235
1501,13236
1460,13237
1460,13238
1460,13239
1460,13241
1453,13242
1460,13243
1460,13245
1460,13246
1460,13247
1460,13249
1460,13250
1460,13251
1460,13253
1460,13254
1460,13255
1460,13257
1460,13258
1460,13259
1460,13261
1460,13262
1460,13263
1460,13265
1460,13266
1460,13267
1460,13269
1460,13270
1501,13270
1460,13271
1460,13273
1460,13274
1460,13275
1460,13277
1460,13278
1460,13280
1460,13281
1460,13282
1460,13284
1460,13285
1460,13286
1460,13288
1460,13289
1460,13290
1460,13292
1460,13293
1460,13294
1460,13296
1460,13297
1460,13298
1460,13299
1460,13301
1460,13302
1460,13303
1460,13305
1460,13306
1460,13307
1460,13308
1460,13310
1460,13311
1460,13312
1460,13314
1460,13315
1459,13316
1460,13317
1460,13319
1460,13320
1501,13321
1459,13321
1460,13323
1460,13324
1460,13325
1460,13326
1460,13328
1460,13329
1460,13330
1459,13332
1460,13333
1460,13334
1460,13335
1460,13337
1460,13338
1460,13339
1460,13341
1460,13342
1460,13343
1460,13344
1460,13346
1460,13347
1460,13348
1460,13350
1460,13351
1460,13352
1460,13353
1460,13355
1460,13356
1460,13357
1460,13358
1460,13360
1460,13361
1460,13362
1460,13364
1460,13365
1460,13366
1460,13367
1460,13369
1460,13370
1460,13371
1460,13373
1460,13374
1460,13375
1460,13376
1460,13378
1460,13379
1460,13380
1460,13381
1460,13383
1460,13384
1460,13385
1459,13387
1460,13388
1460,13389
1460,13390
1460,13391
1460,13392
1460,13394
1460,13395
1460,13396
1460,13397
1460,13398
1460,13400
1460,13401
1460,13402
1460,13403
1460,13404
1460,13406
1460,13407
1460,13408
1459,13409
1460,13410
1460,13411
1460,13413
1460,13414
1460,13415
1460,13416
1460,13417
1460,13419
1460,13420
1460,13421
1460,13422
1460,13423
1460,13424
1460,13426
1460,13427
1460,13428
1460,13429
1459,13430
1460,13431
1460,13433
1460,13434
1460,13435
1460,13436
1460,13437
1460,13438
1460,13440
1459,13441
1460,13442
1460,13443
1460,13444
1460,13445
1460,13447
1460,13448
1460,13449
1460,13450
1460,13451
1460,13452
1460,13454
1501,13455
1460,13455
1460,13456
1460,13457
1460,13458
1460,13459
1460,13461
1460,13462
1459,13463
1460,13464
1460,13465
1460,13466
1460,13468
1460,13469
1460,13470
1460,13471
1460,13472
1460,13473
1460,13475
1460,13476
1460,13477
1460,13478
1460,13479
1501,13479
1460,13480
1460,13482
1460,13483
1460,13484
1460,13485
1460,13486
1460,13487
1501,13488
1459,13489
1460,13490
1460,13491
1460,13492
1460,13493
1460,13494
1460,13496
1460,13497
1460,13498
1460,13499
1460,13500
1460,13501
1460,13503
1460,13504
1460,13505
1460,13506
1460,13507
1460,13508
1460,13510
1460,13511
1460,13512
1460,13513
1460,13514
1460,13515
1460,13517
1460,13518
1459,13519
1460,13520
1460,13521
1460,13522
1460,13523
1460,13525
1460,13526
1460,13527
1460,13528
1460,13529
1460,13530
1460,13531
1460,13532
1460,13533
1460,13534
1460,13535
1460,13536
1460,13537
1460,13538
1460,13539
1460,13539
1460,13540
1460,13541
1460,13542
1460,13543
1460,13544
1460,13545
1460,13546
1460,13547
1460,13547
1460,13548
1460,13549
1460,13550
1459,13551
1460,13552
1460,13553
1460,13553
1460,13554
1460,13555
1460,13556
1460,13557
1460,13558
1460,13559
1460,13559
1460,13560
1460,13561
1460,13562
1460,13563
1460,13564
1459,13565
1460,13565
1460,13566
1459,13567
1460,13568
1460,13569
1460,13570
1460,13570
1460,13571
1460,13572
1460,13573
1460,13574
1460,13575
1460,13576
1460,13576
1460,13577
1460,13578
1460,13579
1460,13580
1460,13581
1460,13582
1460,13582
1460,13583
1460,13584
1460,13585
1460,13586
1460,13587
1460,13588
1460,13588
1460,13589
1460,13590
1460,13591
1460,13592
1460,13593
1460,13594
1459,13594
1460,13595
1460,13596
1460,13597
1460,13599
1460,13600
1460,13602
1460,13603
1460,13604
1459,13606
1460,13607
1460,13609
1460,13610
1460,13611
1460,13613
1460,13614
1460,13615
1460,13617
1460,13618
1460,13619
1460,13621
1460,13622
1460,13623
1459,13625
1460,13626
1460,13627
1460,13627
1460,13628
1460,13629
1460,13630
1460,13631
1460,13632
1460,13633
1460,13634
1460,13635
1460,13636
1460,13637
1460,13638
1460,13639
1460,13640
1460,13641
1460,13641
1459,13642
1460,13643
1460,13644
1460,13645
1460,13646
1460,13647
1460,13648
1460,13648
1460,13649
1460,13650
1460,13651
1460,13652
1460,13653
1460,13654
1460,13654
1460,13655
1460,13656
1460,13657
1460,13658
1460,13659
1460,13660
1460,13660
1460,13661
1460,13662
1460,13663
1460,13664
1460,13664
1460,13665
1460,13666
1460,13667
1460,13668
1460,13669
1460,13669
1460,13670
1460,13671
1460,13672
1460,13673
1460,13673
1460,13674
1460,13675
1460,13676
1460,13677
1460,13678
1460,13678
1459,13679
1460,13680
1460,13681
1460,13682
1460,13682
1460,13683
1460,13684
1460,13685
1460,13686
1460,13686
1460,13687
1460,13688
1460,13689
1460,13690
1460,13691
1460,13691
1460,13692
1460,13693
1460,13694
1460,13695
1460,13695
1460,13696
1460,13697
1460,13698
1460,13699
1460,13700
1460,13700
1460,13701
1460,13702
1460,13703
1460,13704
1460,13704
1460,13705
1460,13706
1460,13707
1460,13708
1460,13709
1460,13709
1460,13710
1460,13711
1460,13712
1459,13713
1460,13713
1460,13714
1460,13715
1460,13716
1460,13717
1460,13717
1460,13718
1460,13719
1460,13720
1460,13721
1460,13722
1460,13722
1460,13723
1460,13724
1460,13725
1460,13726
1460,13726
1460,13727
1460,13728
1460,13729
1460,13730
1460,13731
1460,13731
1460,13732
1460,13733
1460,13734
1460,13735
1460,13735
1460,13736
1460,13737
1460,13738
1460,13739
1460,13739
1460,13740
1460,13741
1501,13742
1460,13742
1460,13743
1460,13744
1460,13744
1460,13745
1460,13746
1460,13747
1460,13748
1460,13748
1460,13749
1460,13750
1460,13751
1460,13752
1460,13753
1460,13753
1460,13754
1460,13755
1460,13756
1460,13757
1460,13757
1460,13758
1460,13759
1460,13760
1460,13761
1460,13762
1460,13762
1460,13763
1460,13764
1460,13765
1460,13766
1460,13766
1459,13767
1460,13768
1460,13769
1460,13770
1460,13770
1460,13771
1460,13772
1460,13773
1460,13774
1460,13774
1460,13775
1460,13776
1460,13777
1460,13778
1460,13778
1460,13779
1460,13780
1460,13781
1460,13781
1460,13782
1460,13783
1460,13784
1460,13785
1460,13785
1460,13786
1460,13787
1460,13788
1460,13789
1460,13789
1459,13790
1460,13791
1459,13792
1460,13792
1460,13793
1460,13794
1460,13795
1460,13796
1460,13796
1460,13797
1460,13798
1460,13799
1459,13799
1460,13800
1460,13801
1460,13802
1460,13803
1460,13803
1460,13804
1460,13805
1460,13806
1460,13807
1460,13807
1460,13808
1460,13809
1460,13810
1460,13810
1460,13811
1460,13812
1460,13813
1459,13813
1460,13814
1460,13815
1460,13816
1460,13816
1460,13817
1460,13818
1460,13819
1460,13819
1453,13820
1460,13821
1460,13822
1460,13822
1460,13823
1460,13824
1460,13825
1460,13826
1460,13826
1460,13827
1460,13828
1460,13829
1460,13829
1460,13830
1460,13831
1460,13832
1460,13832
1460,13833
1460,13834
1459,13835
1460,13835
1460,13836
1460,13837
1460,13838
1460,13838
1460,13839
1460,13840
1460,13841
1460,13841
1460,13842
1460,13843
1460,13844
1460,13844
1460,13845
1460,13846
1460,13847
1460,13847
1460,13848
1460,13849
1460,13850
1460,13850
1460,13851
1460,13852
1460,13853
1460,13854
1460,13854
1460,13855
1460,13856
1460,13857
1460,13857
1460,13858
1460,13859
1460,13860
1460,13860
1460,13861
1460,13862
1460,13863
1460,13863
1460,13864
1460,13865
1460,13866
1460,13866
1460,13867
1460,13868
1460,13869
1460,13869
1460,13870
1460,13871
1460,13872
1460,13872
1460,13873
1460,13874
1460,13875
1460,13875
1459,13876
1460,13877
1460,13878
1460,13878
1460,13879
1460,13880
1460,13881
1460,13881
1460,13882
1460,13883
1460,13884
1460,13885
1460,13885
1460,13886
1459,13887
1460,13888
1460,13888
1460,13889
1460,13890
1460,13891
1460,13891
1460,13892
1460,13893
1460,13893
1460,13894
1460,13895
1460,13896
1460,13896
1460,13897
1460,13898
1460,13899
1460,13899
1460,13900
1459,13901
1460,13902
1460,13902
1460,13903
1460,13904
1459,13905
1460,13905
1460,13906
1460,13907
1460,13908
1460,13908
1460,13909
1460,13910
1460,13910
1460,13911
1460,13912
1460,13913
1460,13913
1460,13914
1460,13915
1460,13916
1460,13916
1460,13917
1460,13918
1460,13919
1460,13919
1460,13920
1460,13921
1460,13922
1460,13922
1460,13923
1460,13924
1460,13925
1460,13925
1460,13926
1460,13927
1460,13927
1460,13928
1460,13929
1460,13930
1460,13930
1460,13931
1460,13932
1460,13932
1460,13933
1460,13934
1460,13935
1459,13935
1460,13936
1460,13937
1460,13937
1460,13938
1460,13939
1460,13940
1460,13940
1501,13941
1460,13941
1459,13942
1460,13942
1460,13943
1460,13944
1460,13945
1460,13945
1459,13946
1460,13947
1460,13947
1460,13948
1460,13949
1460,13950
1460,13950
1460,13951
1460,13952
1460,13952
1460,13953
1460,13954
1460,13955
1460,13955
1460,13956
1460,13957
1460,13957
1460,13958
1460,13959
1460,13960
1460,13960
1460,13961
1460,13962
1460,13963
1460,13963
1460,13964
1460,13965
1460,13965
1459,13966
1460,13967
1460,13968
1460,13968
1460,13969
1460,13970
1460,13970
1460,13971
1460,13972
1460,13973
1460,13973
1460,13974
1460,13975
1460,13975
1460,13976
1460,13977
1460,13978
1460,13978
1460,13979
1459,13980
1460,13980
1460,13981
1460,13982
1460,13983
1460,13983
1460,13984
1460,13985
1460,13985
1460,13986
1460,13987
1460,13988
1460,13988
1460,13989
1460,13990
1460,13990
1460,13991
1460,13992
1460,13993
1460,13993
1460,13994
1460,13995
1460,13995
1459,13996
1460,13997
1460,13998
1460,13998
1460,13999
1460,14000
1460,14000
1460,14001
1460,14002
1460,14003
1460,14003
1460,14004
1460,14005
1460,14005
1460,14006
1460,14007
1460,14008
1460,14008
1460,14009
1460,14010
1460,14010
1460,14011
1460,14012
1460,14012
1460,14013
1460,14013
1459,14014
1460,14015
1460,14015
1460,14016
1460,14016
1460,14017
1460,14017
1460,14018
1460,14018
1460,14019
1460,14020
1460,14020
1460,14021
1460,14021
1460,14022
1460,14022
1460,14023
1460,14023
1460,14024
1460,14024
1460,14025
1460,14026
1460,14026
1459,14027
1460,14027
1460,14028
1460,14028
1460,14029
1460,14029
1460,14030
1460,14031
1460,14031
1460,14032
1460,14032
1460,14033
1460,14033
1460,14034
1460,14034
1460,14035
1460,14036
1460,14036
1460,14037
1460,14037
1460,14038
1460,14038
1460,14039
1460,14039
1460,14040
1460,14040
1460,14041
1460,14042
1460,14042
1460,14043
1460,14043
1460,14044
1460,14044
1460,14045
1460,14045
1460,14046
1460,14047
1460,14047
1460,14048
1460,14048
1460,14049
1460,14049
1460,14050
1460,14050
1460,14051
1460,14051
1460,14052
1460,14053
1460,14053
1460,14054
1460,14054
1460,14055
1460,14055
1460,14056
1458,14056
1460,14057
1460,14058
1460,14058
1460,14059
1460,14059
1460,14060
1460,14060
1460,14061
1460,14061
1460,14062
1460,14063
1460,14063
1460,14064
1460,14064
1460,14065
1501,14065
1460,14065
1460,14066
1460,14066
1460,14067
1460,14067
1460,14068
1460,14069
1460,14069
1460,14070
1460,14070
1460,14071
1460,14071
1460,14072
1460,14072
1460,14073
1460,14074
1460,14074
1459,14075
1460,14075
1460,14076
1460,14077
1460,14078
1460,14078
1460,14079
1459,14080
1460,14081
1460,14082
1460,14083
1460,14084
1460,14085
1460,14086
1460,14087
1460,14087
1460,14088
1460,14089
1460,14090
1460,14091
1460,14092
1460,14093
1460,14094
1460,14094
1460,14095
1460,14096
1460,14097
1460,14098
1460,14099
1459,14100
1460,14100
1460,14101
1460,14102
1460,14102
1460,14103
1460,14104
1460,14104
1501,14105
1460,14105
1460,14106
1460,14106
1460,14107
1460,14107
1460,14108
1460,14109
1460,14109
1460,14110
1460,14110
1460,14111
1460,14112
1460,14112
1460,14113
1460,14113
1460,14114
1460,14115
1460,14115
1460,14116
1460,14116
1460,14117
1460,14118
1501,14118
1460,14118
1460,14119
1460,14119
1459,14120
1460,14121
1460,14121
1460,14122
1460,14122
1460,14123
1460,14124
1460,14124
1460,14125
1460,14125
1460,14126
1460,14126
1460,14127
1460,14128
1460,14128
1460,14129
1460,14129
1460,14130
1460,14130
1460,14131
1459,14131
1460,14132
1460,14133
1460,14133
1460,14134
1460,14134
1460,14135
1460,14135
1460,14136
1460,14136
1460,14137
1460,14137
1501,14138
1460,14138
1460,14139
1460,14139
1460,14140
1460,14140
1460,14141
1460,14141
1460,14142
1460,14142
1460,14143
1460,14143
1460,14144
1459,14145
1460,14145
1460,14146
1460,14146
1460,14147
1459,14147
1460,14148
1460,14148
1460,14149
1460,14149
1460,14150
1460,14151
1460,14151
1460,14152
1460,14152
1460,14153
1459,14153
1460,14154
1460,14154
1460,14155
1460,14155
1460,14156
1460,14156
1460,14157
1460,14158
1460,14158
1460,14159
1460,14159
1460,14160
1460,14160
1460,14161
1460,14161
1460,14162
1460,14162
1460,14163
1460,14164
1460,14164
1460,14165
1460,14165
1460,14166
1460,14166
1460,14167
1460,14167
1460,14168
1460,14168
1460,14169
1460,14169
1460,14170
1460,14171
1460,14171
1460,14172
1460,14172
1460,14173
1460,14173
1460,14174
1460,14174
1460,14175
1460,14175
1460,14176
1460,14177
1460,14177
1460,14178
3002,14178
1460,14178
1460,14179
1460,14179
1460,14180
1460,14180
1460,14181
1459,14181
1460,14182
1460,14183
1460,14183
1460,14184
1460,14184
1460,14185
1459,14185
1460,14186
1460,14186
1460,14187
1460,14187
1460,14188
1460,14188
1460,14189
1460,14190
1460,14190
1460,14191
1460,14191
1460,14192
1501,14192
1460,14192
1460,14193
1460,14193
1460,14194
1459,14194
1460,14195
1460,14196
1501,14196
1460,14196
1460,14197
1460,14197
1460,14198
1460,14198
1460,14199
1460,14199
1460,14200
1460,14200
1460,14201
1460,14201
1460,14202
1460,14203
1460,14203
1460,14204
1460,14204
1459,14205
1460,14205
1460,14206
1460,14206
1460,14207
1460,14207
1460,14208
1460,14209
1460,14209
1460,14210
1459,14210
1460,14211
1460,14211
1460,14212
1460,14212
1460,14213
1460,14213
1460,14214
1460,14214
1460,14215
1460,14216
1460,14216
1460,14217
1460,14217
1460,14218
1460,14218
1460,14219
1460,14219
1460,14220
1460,14220
1460,14221
1460,14222
1460,14222
1460,14223
1460,14223
1460,14224
1460,14224
1503,14225
1460,14225
1460,14225
1460,14226
1460,14226
1460,14227
1460,14228
1460,14228
1460,14229
1177,14229
1388,14230
1388,14233
1388,14235
1388,14237
1388,14240
1388,14242
1388,14245
1388,14247
1388,14249
1388,14252
1388,14254
1501,14256
1388,14257
1388,14259
943,14261
1388,14264
1388,14266
1388,14268
1388,14271
1388,14273
1388,14276
1388,14278
1388,14280
1388,14283
1388,14285
1501,14285
1388,14287
1388,14290
1388,14292
1309,14295
1388,14297
1388,14299
1388,14302
1388,14304
1388,14306
1388,14309
1388,14311
1388,14314
1388,14316
1388,14318
1388,14321
1388,14323
1388,14326
1355,14328
1388,14330
1388,14333
1388,14335
1388,14337
1388,14340
1388,14342
1388,14345
1388,14347
1388,14349
1388,14352
1388,14354
1388,14356
1388,14359
1291,14361
1388,14364
1388,14366
1388,14368
1388,14371
1388,14373
1388,14376
1388,14378
1388,14380
1388,14383
1388,14385
1388,14387
1388,14390
1388,14392
1225,14395
1429,14396
1388,14397
1388,14399
1388,14402
1388,14404
1388,14406
1388,14409
1388,14411
1388,14414
1388,14416
1388,14418
1388,14421
1388,14423
1388,14426
999,14428
1388,14430
1388,14433
1388,14435
1388,14437
1388,14440
1388,14442
1429,14444
1388,14445
1388,14447
1388,14449
1388,14452
1388,14454
1388,14456
1388,14459
1250,14461
1388,14464
1388,14466
1388,14468
1388,14471
1388,14473
1388,14476
1388,14478
1388,14480
1388,14483
1388,14485
1388,14487
1388,14490
1388,14492
242,14495
1388,14497
1388,14499
1388,14502
1388,14504
1388,14506
1388,14509
1388,14511
1388,14514
1388,14516
1388,14518
1388,14521
1388,14523
1388,14526
252,14528
1388,14530
1388,14533
1388,14535
1431,14536
1388,14537
1388,14540
1388,14542
1388,14545
1388,14547
1388,14549
1388,14552
1431,14553
1388,14554
1388,14556
1388,14559
1200,14561
1388,14564
1388,14566
1388,14568
1388,14570
1388,14573
1388,14575
1388,14577
1388,14579
1388,14581
1388,14584
1388,14586
1388,14588
1388,14590
1388,14593
487,14595
1388,14597
1388,14599
295,14601
1388,14601
1388,14604
1388,14606
1388,14608
1388,14610
1388,14613
1388,14615
1388,14617
1388,14619
1388,14621
1388,14624
1388,14626
585,14628
1388,14630
1388,14633
1388,14635
1388,14637
1388,14640
1388,14642
1431,14642
1388,14645
1388,14647
1388,14649
1388,14652
1388,14654
1388,14656
1388,14659
980,14661
1388,14664
1388,14666
1388,14668
1388,14671
1388,14673
1388,14676
1388,14678
1388,14680
1388,14683
1388,14685
1388,14687
1388,14690
1388,14692
1085,14695
1388,14697
1388,14699
1388,14702
1388,14704
1388,14706
1388,14709
1388,14711
1388,14714
1388,14716
1388,14718
1388,14721
1388,14723
1388,14726
1375,14728
1388,14730
1388,14733
1388,14735
1388,14737
1388,14740
1388,14742
1388,14745
1388,14747
1388,14749
1388,14752
1388,14754
1388,14756
1388,14759
814,14761
1388,14764
1388,14766
1388,14768
1388,14771
1388,14773
1388,14776
1388,14778
1388,14780
1388,14783
1388,14785
1388,14787
1388,14790
1388,14792
570,14795
1388,14797
1388,14799
1388,14802
1388,14804
1388,14806
1388,14809
1388,14811
1388,14814
1388,14816
1388,14818
1388,14821
1388,14823
1388,14826
868,14828
1388,14830
1388,14833
1388,14835
1388,14837
1388,14840
1388,14842
1388,14845
1388,14847
1388,14849
1388,14852
1388,14854
1388,14856
1388,14859
184,14861
1388,14864
1388,14866
1388,14869
1388,14871
1388,14874
1388,14876
1388,14879
1388,14882
1388,14884
1388,14887
1388,14889
1388,14892
587,14894
1388,14897
1388,14900
1388,14902
1388,14905
1388,14907
1388,14910
1388,14912
1388,14915
1388,14917
1388,14920
1388,14923
1388,14925
496,14928
1388,14930
1388,14933
1388,14935
1388,14938
1388,14941
1388,14943
1388,14946
1388,14948
1388,14951
1388,14953
1388,14956
1388,14958
240,14961
1388,14964
1388,14966
1388,14969
1388,14972
1388,14975
1388,14978
1388,14980
1388,14983
1388,14986
1388,14989
1388,14991
1222,14994
1388,14997
1388,15000
1388,15002
1388,15005
1388,15007
1388,15010
1429,15011
1388,15012
1388,15015
1388,15017
1388,15020
1388,15023
1388,15025
289,15028
1388,15030
1388,15033
1388,15035
1388,15038
1388,15041
1388,15043
1388,15046
1388,15048
1388,15051
1388,15053
1388,15056
1388,15058
38,15061
1388,15064
1388,15066
1388,15069
1388,15071
1388,15074
1388,15076
1388,15079
1388,15082
1388,15084
1388,15087
1388,15089
1388,15092
570,15094
1388,15097
1388,15100
1388,15102
1388,15105
1388,15107
1388,15110
1388,15112
1388,15115
1388,15117
1388,15120
1388,15123
1388,15125
99,15128
1388,15130
1388,15133
1388,15136
1388,15139
1388,15141
1388,15144
1388,15147
1388,15150
1388,15153
1388,15155
1388,15158
577,15161
1388,15164
1388,15166
1388,15169
1388,15172
1388,15175
1388,15178
1388,15180
1388,15183
1388,15186
1388,15189
1388,15191
1356,15194
1388,15197
1388,15200
1388,15203
1388,15205
1388,15208
1388,15211
1388,15214
1388,15216
1388,15219
1388,15222
1388,15225
1246,15228
1388,15230
1388,15233
1388,15235
1388,15238
1388,15241
1388,15243
1388,15246
1388,15248
1388,15251
1388,15253
1388,15256
1388,15258
186,15261
1388,15264
1388,15266
1388,15269
1388,15272
1388,15275
1388,15278
1388,15280
1388,15283
1388,15286
1388,15289
1388,15291
1030,15294
1388,15297
1388,15300
1388,15303
1388,15305
1388,15308
1388,15311
1388,15314
1388,15316
1429,15317
1388,15319
1431,15322
1388,15322
1388,15325
895,15328
1388,15330
1388,15333
1388,15336
1388,15339
1388,15342
1388,15345
1388,15348
1388,15351
1388,15355
1388,15358
1260,15361
1388,15364
1388,15367
1388,15370
1388,15373
1388,15376
1388,15379
1388,15382
1388,15385
1388,15388
1388,15391
571,15394
1388,15397
1388,15400
1388,15403
1388,15406
1388,15409
1388,15412
1388,15415
1388,15418
1388,15421
1388,15424
442,15427
1388,15430
1431,15433
1388,15433
1388,15436
1388,15439
1388,15442
1388,15445
1388,15448
1388,15451
1388,15455
1388,15458
888,15461
1388,15464
1388,15466
1388,15469
1388,15472
1388,15475
1388,15478
1388,15480
1388,15483
1388,15486
1388,15489
1388,15491
94,15494
1388,15497
1388,15500
1388,15503
1388,15505
1388,15508
1388,15511
1388,15514
1388,15516
1388,15519
1388,15522
1388,15525
849,15528
1388,15530
1388,15533
1388,15535
1388,15538
1388,15541
1388,15543
1388,15546
1388,15548
1388,15551
1388,15553
1388,15556
1388,15558
54,15561
1388,15564
1431,15566
1388,15566
1388,15569
1388,15571
1388,15574
1388,15576
1388,15579
1388,15582
1388,15584
1388,15587
1388,15589
1388,15592
173,15594
1388,15597
1388,15600
1388,15602
1388,15605
1388,15607
1388,15610
1388,15612
1388,15615
1388,15617
1388,15620
1388,15623
1388,15625
62,15628
1388,15630
1388,15633
1388,15636
1388,15639
1388,15641
1388,15644
1388,15647
1388,15650
1388,15653
1388,15655
1388,15658
1194,15661
1388,15664
1388,15666
1388,15669
1388,15672
1388,15675
1388,15678
1388,15680
1388,15683
1388,15686
1388,15689
1388,15691
782,15694
1388,15697
1388,15700
1388,15703
1388,15706
1388,15709
1388,15712
1388,15715
1388,15718
1388,15721
1388,15724
1285,15727
1388,15730
1388,15733
1388,15736
1388,15739
1388,15741
1388,15744
1388,15747
1388,15750
1388,15753
1388,15755
1388,15758
221,15761
1388,15764
1388,15766
1388,15769
1388,15771
1388,15774
1388,15776
1388,15779
1388,15782
1388,15784
1388,15787
1388,15789
1388,15792
55,15794
1388,15797
1388,15800
1388,15802
1388,15805
1388,15807
1388,15810
1388,15812
1388,15815
1388,15817
1388,15820
1388,15823
1388,15825
84,15828
1388,15830
1388,15833
1388,15836
1388,15839
1388,15841
1429,15842
1388,15844
1388,15847
1388,15850
1388,15853
1388,15855
1388,15858
1381,15861
1388,15864
1388,15866
1388,15869
1388,15872
1388,15875
1388,15878
1388,15880
1388,15883
1388,15886
1388,15889
1388,15891
767,15894
1388,15897
1388,15900
1388,15903
1388,15905
1388,15908
1388,15911
1388,15914
1388,15916
1388,15919
1388,15922
1388,15925
1261,15928
1388,15930
1388,15933
1388,15936
1388,15939
1388,15941
1388,15944
1388,15947
1388,15950
1388,15953
1388,15955
1388,15958
175,15961
1388,15964
1388,15967
1388,15970
1388,15973
1388,15976
1388,15979
1388,15982
1388,15985
1388,15988
1388,15991
1342,15994
1388,15997
1388,16000
1388,16003
1388,16005
1388,16008
1388,16011
1388,16014
1388,16016
1388,16019
1388,16022
1388,16025
858,16028
1388,16030
1388,16033
1388,16036
1388,16039
1388,16041
1388,16044
1388,16047
1388,16050
1388,16053
1388,16055
1388,16058
332,16061
1388,16064
1388,16066
1388,16069
1388,16072
1388,16075
1388,16078
1388,16080
1388,16083
1388,16086
1388,16089
1388,16091
413,16094
1388,16097
1388,16100
1388,16103
1388,16105
1388,16108
1388,16111
1388,16114
1388,16116
1388,16119
1388,16122
1388,16125
1020,16128
1388,16130
1388,16133
1388,16136
1388,16139
1388,16141
1388,16144
1388,16147
1388,16150
1388,16153
1388,16155
1388,16158
294,16161
1388,16164
1388,16167
1388,16170
1388,16173
1388,16176
1388,16179
1388,16182
1388,16185
1388,16188
1388,16191
698,16194
1388,16197
1388,16200
1388,16204
1388,16207
1388,16210
1388,16214
1388,16217
1388,16220
1388,16224
1382,16227
1388,16230
1388,16234
1388,16238
1388,16241
1388,16245
1388,16249
1388,16253
1388,16256
1252,16260
1388,16264
1388,16267
1388,16271
1388,16275
1388,16278
1388,16282
1388,16286
1388,16290
877,16293
1388,16297
1388,16301
1388,16304
1388,16308
1388,16312
1388,16315
1388,16319
1388,16323
1006,16327
1388,16330
1388,16334
1388,16338
1388,16341
1388,16345
1388,16349
1388,16353
1388,16356
892,16360
1388,16364
1388,16367
1388,16371
1388,16375
1388,16378
1388,16382
1388,16386
1388,16390
165,16393
1388,16397
1388,16401
1388,16404
1388,16408
1388,16412
1388,16415
1388,16419
1388,16423
634,16427
1388,16430
1388,16434
1388,16438
1388,16441
1388,16445
1388,16449
1388,16453
1388,16456
143,16460
1388,16464
1388,16467
1388,16470
1388,16474
1388,16477
1388,16480
1388,16484
1388,16487
1388,16490
726,16494
1388,16497
1388,16500
1388,16504
1388,16507
1388,16510
1388,16514
1388,16517
1388,16520
1388,16524
460,16527
1388,16530
1388,16534
1388,16537
1388,16540
1388,16544
1388,16547
1388,16550
1388,16554
1388,16557
399,16560
1388,16564
1388,16567
1388,16570
1388,16574
1388,16577
1388,16580
1388,16584
1388,16587
1388,16590
233,16594
1388,16597
1388,16600
1388,16604
1388,16607
1388,16610
1388,16614
1388,16617
1388,16620
1388,16624
576,16627
1388,16630
1388,16634
1388,16637
1388,16640
1388,16644
1388,16647
1388,16650
1388,16654
1388,16657
1094,16660
1388,16664
1388,16667
1388,16671
1388,16675
1388,16678
1388,16682
1388,16686
1388,16690
1004,16693
1388,16697
1388,16701
1388,16705
1388,16709
1388,16714
1388,16718
1388,16722
316,16726
1388,16730
1388,16734
1388,16738
1388,16741
1388,16745
1388,16749
1388,16753
1388,16756
1013,16760
1388,16764
1388,16767
1388,16771
1388,16775
1388,16778
1388,16782
1388,16786
1388,16790
868,16793
1388,16797
1388,16801
1388,16805
1388,16809
1388,16814
1388,16818
1388,16822
103,16826
1388,16830
1388,16835
1388,16840
1388,16845
1388,16849
1388,16854
59,16859
1388,16864
1388,16869
1388,16875
1388,16880
1388,16886
322,16891
1388,16897
1388,16904
1388,16910
1388,16917
1017,16924
1388,16930
0,16940
1388,16941
419,16953
1388,16964
1388,16967
1388,16970
1388,16973
1388,16976
1388,16979
1388,16982
1388,16985
1388,16988
1388,16991
584,16994
1388,16997
0,17007
174,17014
0,17025
1388,17030
713,17047
1388,17064
0,17074
843,17080
1388,17097
975,17114
0,17130
1388,17130
0,17145
941,17147
1431,17160
1388,17164
1139,17180
1388,17197
1233,17214
0,17224
0,17227
1388,17230
1253,17247
1388,17264
0,17278
1276,17280
1388,17297
0,17307
0,17310
1292,17314
1388,17330
1388,17341
42,17353
0,17363
1388,17364
1388,17375
0,17385
17,17386
0,17396
1388,17397
1388,17408
114,17419
1388,17430
1388,17441
0,17451
367,17453
1388,17464
1388,17475
115,17486
1388,17497
1388,17508
0,17518
272,17519
1388,17530
1388,17541
179,17553
1388,17564
0,17574
1388,17575
329,17586
1388,17597
1388,17608
468,17619
0,17629
1388,17630
1431,17638
1388,17641
342,17653
1388,17664
1388,17675
275,17686
1388,17697
1388,17708
0,17718
739,17719
0,17729
1388,17730
1388,17741
474,17753
1388,17764
1388,17775
0,17785
546,17786
1388,17797
1388,17808
646,17819
0,17829
1388,17830
1388,17841
700,17853
1388,17864
0,17874
1388,17875
0,17885
603,17886
1388,17897
1388,17908
857,17919
1388,17930
1388,17941
763,17953
1388,17964
1388,17975
0,17985
902,17986
0,17996
1388,17997
1388,18008
935,18019
1388,18030
1388,18041
1224,18053
1388,18064
1388,18072
1388,18080
806,18082
57,18089
1388,18097
0,18107
1388,18108
978,18119
1388,18130
1388,18141
1215,18153
1388,18164
1388,18175
1281,18186
0,18196
1388,18197
1388,18205
1388,18214
61,18222
1388,18230
1388,18241
0,18251
1317,18253
1388,18264
1388,18275
1361,18286
0,18296
1388,18297
0,18307
1388,18308
921,18319
1388,18330
1388,18341
1196,18353
1388,18364
1388,18375
1180,18386
1388,18397
1388,18408
1169,18419
1388,18430
0,18440
1388,18441
0,18451
925,18453
1388,18464
1388,18475
1345,18486
1388,18497
1388,18508
0,18518
1355,18519
1388,18530
0,18540
1388,18541
0,18551
979,18553
1388,18564
1388,18575
753,18586
0,18596
1388,18597
1388,18608
899,18619
1388,18630
1388,18641
841,18653
0,18663
1388,18664
1388,18675
929,18686
1388,18697
1388,18708
0,18718
809,18719
1388,18730
0,18740
1388,18741
1025,18753
1388,18764
1388,18775
1217,18786
1388,18797
0,18807
1388,18808
1088,18819
1388,18830
1388,18841
1356,18853
0,18863
1388,18864
1388,18875
1369,18886
1388,18897
1388,18905
1388,18914
153,18922
1388,18930
1388,18939
1388,18947
335,18955
1388,18964
1388,18972
1388,18980
218,18989
1388,18997
1388,19005
1388,19014
210,19022
1388,19030
1388,19039
1388,19047
11,19055
1388,19064
1388,19072
1388,19080
411,19089
1388,19097
1388,19105
1388,19114
504,19122
1388,19130
1388,19139
1429,19143
1388,19147
766,19155
1388,19164
1388,19172
1388,19180
1033,19189
1388,19197
1388,19205
1388,19214
886,19222
1388,19230
1388,19239
1388,19247
700,19255
1388,19264
1388,19272
1388,19280
638,19289
1388,19297
1388,19305
1388,19314
188,19322
1431,19327
1388,19330
1388,19339
1388,19347
236,19355
1388,19364
1388,19375
1269,19386
1388,19397
0,19407
1388,19408
1308,19419
1388,19430
1388,19441
1053,19453
1388,19464
1388,19475
1237,19486
1388,19497
1388,19508
1200,19519
0,19529
1388,19530
0,19540
1388,19541
861,19553
1388,19564
1388,19575
0,19585
732,19586
1388,19597
1388,19608
1281,19619
1388,19630
1388,19641
1126,19653
1388,19664
1388,19675
0,19685
1288,19686
0,19696
1388,19697
1388,19708
1068,19719
1388,19730
1388,19741
1252,19753
0,19763
1388,19764
1388,19775
0,19785
1315,19786
0,19796
1388,19797
1388,19808
1280,19819
1388,19830
0,19840
1388,19841
1337,19853
1388,19864
1388,19872
1388,19880
21,19889
1388,19897
1388,19905
1388,19914
353,19922
1388,19930
1435,19935
1388,19939
1388,19947
454,19955
1388,19964
1388,19972
1388,19980
501,19989
1388,19997
