777,1048
0,1058
962,1080
0,1090
1116,1113
0,1131
1298,1147
0,1162
1344,1180
0,1197
1243,1213
0,1228
817,1247
0,1262
957,1280
0,1295
967,1313
0,1328
1145,1347
0,1362
319,1380
0,1395
0,1400
1386,1413
1386,1416
1386,1419
1386,1422
1388,1425
1388,1427
1388,1430
1388,1433
1388,1436
1388,1438
1388,1441
791,1444
1388,1447
1388,1449
1388,1451
1388,1453
1388,1455
1388,1457
1388,1459
1388,1461
1388,1463
1388,1466
1388,1468
1388,1470
1388,1472
1388,1474
1388,1476
99,1478
1388,1480
1388,1482
1388,1484
1388,1486
1388,1488
1388,1491
1388,1493
1388,1495
1388,1497
1388,1499
1388,1501
1388,1503
1388,1505
1388,1507
1388,1509
962,1511
1388,1513
1388,1516
1388,1518
1388,1520
1388,1522
1388,1525
1388,1527
1388,1529
1388,1531
1388,1533
1388,1536
1388,1538
1388,1540
1388,1542
952,1545
1388,1547
1388,1550
1388,1552
1388,1555
1388,1558
1388,1561
1388,1563
1388,1566
1388,1569
1388,1572
1388,1575
281,1577
1388,1580
998,1597
1388,1613
1388,1616
1388,1619
1388,1621
1388,1624
1388,1626
1388,1629
1388,1631
1388,1634
1388,1637
1388,1639
1388,1642
711,1644
1388,1647
1388,1648
1388,1650
1388,1651
1388,1653
1388,1654
1388,1655
1388,1657
1388,1658
1388,1660
1388,1661
1388,1663
1388,1664
1388,1666
1388,1667
1388,1669
1388,1670
1388,1671
1388,1673
1388,1674
1388,1676
1388,1677
322,1679
1388,1680
1388,1681
1388,1682
1388,1683
1388,1685
1388,1686
1388,1687
1388,1688
1388,1689
1388,1690
1388,1691
1388,1692
1388,1693
1388,1695
1388,1696
1388,1697
1388,1698
1388,1699
1388,1700
1388,1701
1388,1702
1388,1703
1388,1705
1388,1706
1388,1707
1388,1708
1388,1709
1388,1710
1388,1711
1226,1712
1388,1713
1388,1714
1460,1717
1460,1717
1260,1718
1460,1721
1460,1722
1460,1722
1460,1725
1460,1726
1460,1729
1460,1730
1460,1730
1460,1732
1460,1733
1460,1734
1460,1735
1460,1738
1460,1738
1460,1739
1460,1741
1460,1742
1460,1742
1460,1744
1460,1745
1460,1746
1459,1748
1460,1748
1460,1749
1460,1751
1460,1752
1460,1752
1460,1754
1460,1755
1460,1758
1460,1758
1460,1759
1460,1761
1460,1762
1460,1762
1460,1765
1460,1765
1460,1765
1460,1768
1460,1769
1460,1772
1460,1773
1460,1773
1460,1777
1460,1777
1460,1778
1460,1781
1460,1782
1459,1782
1460,1785
1460,1785
1460,1786
1460,1788
1460,1788
1460,1791
1460,1792
1460,1792
1460,1794
1460,1795
1460,1795
1460,1798
1460,1798
1460,1799
1460,1801
1460,1802
1460,1802
1460,1805
1460,1805
1460,1806
1460,1808
1460,1809
1460,1809
1460,1811
1460,1812
1460,1815
1460,1815
1460,1816
1460,1819
1459,1820
1460,1820
1460,1824
1460,1824
1460,1825
1460,1828
1460,1829
1460,1829
1460,1832
1460,1833
1460,1833
1460,1835
1460,1835
1460,1836
1460,1839
1460,1839
1460,1840
1460,1842
1460,1843
1460,1843
1460,1846
1459,1846
1460,1846
1460,1848
1460,1849
1460,1852
1460,1852
1460,1853
1460,1855
1460,1856
1460,1856
1460,1858
1460,1859
1460,1859
1460,1862
1460,1863
1460,1863
1460,1867
1460,1867
1460,1868
1460,1871
1460,1872
1460,1872
1460,1876
1460,1876
1460,1876
1459,1880
1460,1880
1473,1882
1460,1883
1460,1883
1460,1884
1460,1884
1460,1884
1460,1886
1460,1887
1460,1887
1460,1890
1460,1890
1460,1890
1460,1893
1460,1895
1460,1896
1460,1896
1460,1900
1460,1900
1460,1901
1460,1903
1460,1903
1460,1904
739,1904
731,1913
776,1947
0,1980
1146,1980
0,1990
1118,2013
0,2041
848,2047
0,2057
789,2061
696,2080
977,2113
0,2143
947,2147
0,2157
902,2180
856,2213
1271,2247
0,2262
1345,2280
1388,2313
85,2330
1388,2347
0,2358
0,2360
208,2363
1388,2380
44,2397
1388,2413
192,2430
0,2445
1388,2447
0,2457
158,2463
1388,2480
272,2497
1388,2513
0,2523
0,2527
141,2530
1388,2547
506,2563
1388,2580
535,2597
0,2607
0,2610
1388,2613
505,2630
1388,2647
577,2663
1388,2680
0,2695
571,2697
0,2707
1388,2713
765,2730
1388,2747
0,2757
0,2763
737,2763
1388,2780
886,2797
1388,2813
905,2830
1388,2847
943,2863
0,2878
1388,2880
0,2890
811,2897
1388,2913
1275,2930
0,2940
0,2943
1388,2947
1269,2963
1388,2980
1329,2997
1388,3013
1388,3025
117,3036
1388,3047
1388,3058
56,3069
1388,3080
1388,3091
0,3101
171,3102
0,3112
1388,3113
1388,3125
0,3135
365,3136
1388,3147
1388,3158
423,3169
1388,3180
1388,3191
602,3202
1388,3213
1388,3225
533,3236
1388,3247
1388,3258
314,3269
0,3279
1388,3280
1388,3281
1388,3283
1388,3284
1388,3285
1388,3287
1388,3288
1388,3289
1388,3290
1388,3292
1388,3293
1388,3294
1388,3295
1388,3297
1388,3298
1388,3299
1388,3301
1388,3302
1388,3303
1388,3304
1388,3306
1388,3307
1388,3308
1388,3310
1388,3311
1099,3312
1388,3313
1388,3315
1388,3316
1388,3317
1388,3319
1388,3320
1388,3321
1388,3323
1388,3324
1388,3325
1388,3327
1388,3328
1388,3329
1388,3331
1388,3332
1388,3333
1388,3335
1388,3336
1388,3337
1388,3339
1388,3340
1388,3341
1388,3343
1388,3344
816,3345
1388,3347
1388,3348
1388,3350
1388,3351
1388,3353
1388,3354
1388,3355
1388,3357
1388,3358
1388,3360
1388,3361
1388,3363
1388,3364
1388,3366
1388,3367
1388,3369
1388,3370
1388,3371
1388,3373
1388,3374
1388,3376
1388,3377
553,3379
1388,3380
1388,3382
1388,3383
1388,3385
1388,3387
1388,3388
1388,3390
1388,3392
1388,3393
1388,3395
1388,3397
1388,3398
1388,3400
1388,3402
1388,3403
1388,3405
1388,3407
1388,3408
1388,3410
410,3412
1388,3413
1388,3416
1388,3418
1388,3420
1388,3422
1388,3424
1388,3426
1388,3428
1388,3430
1388,3432
1388,3434
1388,3436
1388,3438
1388,3441
1388,3443
208,3445
1388,3447
1388,3450
1388,3453
1388,3456
1388,3459
1388,3462
1388,3465
1388,3468
1388,3471
1388,3474
151,3477
1388,3480
946,3497
1388,3513
1388,3516
1388,3518
1388,3521
1388,3523
1388,3525
1388,3528
1388,3530
1388,3532
1388,3535
1388,3537
1388,3540
1388,3542
1032,3544
1388,3547
1388,3548
1388,3550
1388,3551
1388,3553
1388,3554
1388,3556
1388,3557
1388,3559
1388,3560
1388,3562
1388,3563
1388,3565
1388,3566
1388,3568
1388,3570
1388,3571
1388,3573
1388,3574
1388,3576
1388,3577
941,3579
1388,3580
1388,3581
1388,3582
1388,3584
1388,3585
1388,3586
1388,3587
1388,3588
1388,3590
1388,3591
1388,3592
1388,3593
1388,3594
1388,3596
1388,3597
1388,3598
1388,3599
1388,3600
1388,3602
1388,3603
1388,3604
1388,3605
1388,3606
1388,3607
1388,3609
1388,3610
1388,3611
831,3612
1388,3613
1388,3614
1388,3616
1388,3617
1388,3618
1388,3619
1388,3620
1388,3621
1388,3622
1388,3623
1388,3624
1388,3625
1388,3626
1388,3628
1388,3628
1388,3629
1460,3631
1324,3632
1388,3632
1460,3635
1460,3635
1260,3636
1460,3639
1460,3639
1260,3639
1460,3641
1324,3641
1460,3645
1460,3645
1460,3645
1460,3648
1460,3649
1460,3649
1460,3652
1460,3652
1460,3655
1460,3656
1460,3656
1460,3659
1460,3659
1460,3660
1460,3661
1460,3661
1460,3664
1460,3665
1460,3665
1457,3667
1460,3668
1460,3671
1460,3671
1460,3671
1460,3675
1460,3675
1460,3675
1460,3678
1460,3679
1460,3679
1460,3682
1460,3682
1460,3682
1460,3685
1460,3686
1460,3686
1460,3688
1457,3688
1460,3688
1460,3692
1460,3692
1460,3692
1460,3695
1460,3696
1460,3696
1473,3699
1460,3699
1460,3700
1460,3700
1460,3703
1460,3703
1460,3704
1460,3706
1460,3707
1460,3707
1460,3711
1460,3711
1460,3712
1460,3714
1460,3714
1459,3718
1460,3718
1460,3718
1460,3722
1460,3722
1460,3722
1460,3725
1460,3726
1460,3726
1460,3728
1460,3729
1460,3732
1460,3732
1460,3733
225,3733
1388,3747
491,3763
1388,3780
900,3797
1388,3813
0,3823
0,3826
523,3830
1388,3847
0,3863
531,3863
1388,3880
0,3890
1111,3897
1388,3913
645,3930
0,3940
1388,3947
431,3963
1388,3980
0,3995
159,3997
0,4007
1388,4013
20,4030
1087,4047
0,4057
0,4060
1093,4080
1388,4113
131,4130
1388,4147
0,4162
168,4163
0,4173
1388,4180
281,4197
1388,4213
0,4223
497,4230
1388,4247
484,4263
0,4275
0,4277
1388,4280
529,4297
1388,4313
923,4330
1388,4347
0,4362
705,4363
0,4373
1388,4380
826,4397
1388,4413
0,4423
1061,4430
0,4440
1388,4447
1137,4463
1388,4480
0,4490
1388,4491
73,4502
1388,4513
1388,4525
410,4536
0,4546
1388,4547
1388,4558
121,4569
1388,4580
1388,4591
0,4601
96,4602
1388,4613
1388,4625
331,4636
1388,4647
0,4657
1388,4658
627,4669
1388,4680
1388,4691
83,4702
1388,4713
0,4723
1388,4725
790,4736
1388,4747
0,4757
1388,4758
0,4768
202,4769
0,4780
1388,4780
0,4790
1388,4791
384,4802
1388,4813
1388,4825
415,4836
0,4846
1388,4847
1388,4858
354,4869
1388,4880
1388,4891
0,4901
355,4902
1388,4913
1388,4922
1388,4930
62,4938
1388,4947
1388,4955
1388,4963
83,4972
1388,4980
1388,4991
1376,5002
0,5012
1388,5013
1388,5025
1008,5036
1388,5047
1388,5055
1388,5063
768,5072
1388,5080
1388,5088
1388,5097
944,5105
1388,5113
1388,5114
1388,5115
1388,5116
1388,5116
1388,5117
1388,5118
1388,5119
1388,5120
1388,5120
1388,5121
1388,5122
1388,5123
1388,5123
1388,5124
1388,5125
1388,5126
1388,5126
1388,5127
1388,5128
1388,5129
1388,5129
1388,5130
1388,5131
1388,5132
1388,5132
1388,5133
1388,5134
1388,5135
1388,5135
1388,5136
1388,5137
1388,5138
1388,5138
1388,5139
1388,5140
1388,5141
1388,5141
1388,5142
1388,5143
1388,5144
1460,5154
1460,5160
1460,5162
1460,5163
1460,5163
1460,5165
226,5165
1388,5169
351,5175
1388,5180
1388,5186
1388,5191
1388,5197
1388,5202
537,5208
1388,5213
1388,5219
1388,5225
1388,5230
1388,5236
1251,5241
1388,5247
1388,5252
1388,5256
1388,5261
1388,5266
1388,5271
124,5275
1388,5280
1409,5282
1388,5285
1388,5290
1388,5298
1388,5299
1388,5304
1130,5309
1388,5313
1388,5317
1388,5321
1388,5327
1388,5328
1388,5332
1388,5336
1388,5339
202,5343
1388,5347
1388,5350
1388,5354
1388,5358
1388,5362
1388,5365
1388,5369
1388,5373
1091,5376
1388,5380
1388,5384
1388,5388
1388,5391
1388,5395
1388,5399
1388,5402
1388,5406
1282,5410
1388,5413
1388,5417
1388,5421
1388,5425
1388,5428
1388,5432
1388,5436
1388,5439
834,5443
1388,5447
1388,5451
1388,5455
1388,5459
1388,5463
1388,5468
1388,5472
1307,5476
1388,5480
1388,5483
1388,5487
1388,5490
1388,5493
1388,5497
1388,5500
1388,5503
1388,5507
384,5510
1388,5513
1388,5517
1388,5521
1388,5525
1388,5528
1388,5532
1388,5536
1388,5539
1121,5543
1388,5547
1388,5551
1388,5555
1388,5559
1388,5563
1388,5568
1388,5572
819,5576
1388,5580
1388,5585
1388,5590
1388,5594
1388,5599
1388,5604
884,5609
1388,5613
1388,5617
1388,5621
1388,5625
1388,5628
1388,5632
1388,5636
1388,5639
259,5643
1388,5647
1388,5650
1388,5654
1388,5658
1388,5662
1388,5665
1388,5669
1388,5673
1174,5676
1388,5680
1388,5684
1388,5688
1388,5693
1388,5697
1388,5701
1388,5705
840,5709
1388,5713
1388,5722
1388,5730
532,5738
1388,5747
1388,5748
1388,5749
1388,5750
1388,5752
1388,5753
1388,5754
1388,5755
1388,5756
1388,5757
1388,5759
1388,5760
1388,5761
1388,5762
1388,5763
1388,5765
1388,5766
1388,5767
1388,5768
1388,5769
1388,5771
1388,5772
1388,5773
1388,5774
1388,5775
1388,5777
1388,5778
885,5779
1388,5780
1388,5787
1388,5793
1388,5800
1108,5807
1388,5813
1388,5819
1388,5825
1388,5830
1388,5836
769,5841
1388,5847
1388,5852
1388,5858
1388,5863
1388,5869
580,5875
1388,5880
1388,5886
1388,5891
1388,5897
1388,5902
1336,5908
1388,5913
1388,5920
1388,5927
1388,5933
880,5940
1388,5947
1388,5952
1388,5958
1388,5963
1388,5969
812,5975
1388,5980
1388,5986
1388,5991
1388,5997
1388,6002
46,6008
1388,6013
1388,6020
1388,6027
1388,6033
928,6040
1388,6047
1388,6053
1388,6060
1388,6067
1341,6073
1388,6080
1388,6086
1388,6091
1388,6097
1388,6102
1019,6108
1388,6113
1388,6119
1388,6125
1388,6130
1388,6136
321,6141
1388,6147
1388,6153
1388,6160
1388,6167
19,6173
1388,6180
1388,6187
1388,6193
1388,6200
1118,6207
1388,6213
1388,6220
1388,6227
1388,6233
1411,6240
919,6240
1388,6247
1388,6253
1388,6260
1388,6267
146,6273
1388,6280
1388,6287
1388,6293
1388,6300
1068,6307
1388,6313
1388,6320
1388,6327
1388,6333
828,6340
1388,6347
1388,6352
1388,6358
1388,6363
1388,6369
102,6375
1388,6380
1388,6386
1388,6391
1388,6397
1388,6402
482,6408
1388,6413
1388,6420
1388,6427
1388,6433
1162,6440
1388,6447
1388,6455
1388,6463
530,6472
1388,6480
1388,6488
1388,6497
80,6505
1388,6513
1388,6522
1388,6530
943,6538
1409,6543
1388,6547
1388,6555
1388,6563
1084,6572
1388,6580
1388,6588
1388,6597
1188,6605
1388,6613
1388,6620
1388,6627
1388,6633
351,6640
1388,6647
1388,6653
1388,6660
1388,6667
286,6673
1388,6680
1388,6687
1388,6693
1388,6700
136,6707
1388,6713
1388,6719
1388,6725
1388,6730
1388,6736
323,6741
1388,6747
1388,6752
1388,6758
1388,6763
1388,6769
263,6775
1388,6780
1388,6786
1388,6791
1388,6797
1388,6802
1106,6808
1388,6813
1388,6819
1388,6825
1388,6830
1388,6836
605,6841
1388,6847
1388,6853
1388,6860
1388,6867
777,6873
1388,6880
1388,6887
1388,6893
1388,6900
1016,6907
1388,6913
1388,6920
1388,6927
1388,6933
1336,6940
1388,6947
1388,6953
1388,6960
1388,6967
1039,6973
1388,6980
1388,6986
1388,6991
1388,6997
1388,7002
107,7008
1388,7013
1388,7022
1388,7030
1319,7038
1388,7047
1388,7048
1388,7049
1388,7051
1388,7052
1388,7053
1388,7054
1388,7056
1388,7057
1388,7058
1388,7060
1388,7061
1388,7062
1388,7063
1388,7065
1388,7066
1388,7067
1388,7069
1388,7070
1388,7071
1388,7072
1388,7074
1388,7075
1388,7076
1388,7078
747,7079
1388,7080
1388,7091
980,7102
1388,7113
1388,7125
0,7135
1268,7136
1388,7147
1388,7158
0,7168
1018,7169
0,7179
1388,7180
1388,7191
0,7202
649,7202
0,7212
1388,7213
0,7224
1388,7225
850,7236
1388,7247
1388,7258
1034,7269
0,7279
1388,7280
1388,7291
0,7302
780,7302
0,7312
1388,7313
1388,7325
822,7336
1388,7347
0,7357
1388,7358
0,7369
645,7369
0,7379
1388,7380
1411,7382
1388,7391
535,7402
1388,7413
0,7423
1388,7425
0,7435
539,7436
1388,7447
1388,7458
181,7469
1388,7480
1388,7491
318,7502
1388,7513
1388,7525
577,7536
1388,7547
1388,7558
0,7568
641,7569
0,7579
1388,7580
1388,7591
689,7602
1388,7613
1388,7625
723,7636
0,7646
1388,7647
0,7657
1388,7658
974,7669
1388,7680
1388,7691
0,7701
910,7702
0,7713
1388,7713
1388,7725
688,7736
0,7746
1388,7747
0,7758
1388,7758
935,7769
1388,7780
1388,7791
1266,7802
1388,7813
1388,7822
1388,7830
54,7838
1388,7847
1388,7855
1388,7863
329,7872
1388,7880
1388,7888
1388,7897
463,7905
1388,7913
1388,7922
1388,7930
266,7938
1388,7947
1388,7958
867,7969
0,7979
1388,7980
0,7990
1276,7997
1388,8013
0,8025
1388,8025
0,8035
864,8036
1388,8047
1388,8058
589,8069
1388,8080
1388,8091
1411,8093
164,8102
1388,8113
1388,8125
0,8135
466,8136
1388,8147
1388,8158
155,8169
1388,8180
0,8190
0,8193
1322,8197
1388,8213
1388,8225
209,8236
1388,8247
1388,8258
464,8269
0,8279
1388,8280
0,8290
1388,8291
653,8302
1388,8313
1388,8325
299,8336
1388,8347
1388,8358
524,8369
0,8379
1388,8380
0,8390
1388,8391
886,8402
1388,8413
1388,8425
0,8435
941,8436
1388,8447
1388,8458
1052,8469
0,8479
1388,8480
1388,8491
1205,8502
1388,8513
1388,8525
701,8536
1388,8547
1388,8558
208,8569
1388,8580
1388,8591
0,8601
1219,8602
0,8612
1388,8613
1388,8622
1388,8630
303,8638
1388,8647
1388,8655
1388,8663
458,8672
1388,8680
1388,8691
1124,8702
1388,8713
0,8723
1388,8725
491,8736
1388,8747
1388,8758
705,8769
1388,8780
1388,8791
1411,8793
1334,8802
0,8812
1388,8813
1388,8822
1388,8830
585,8838
1388,8847
1388,8855
1388,8863
944,8872
1388,8880
1388,8888
1388,8897
748,8905
1388,8913
1388,8922
1388,8930
311,8938
1388,8947
1388,8955
1388,8963
233,8972
1388,8980
1388,8988
1388,8997
937,9005
1388,9013
1388,9022
1388,9030
899,9038
1388,9047
1388,9055
1388,9063
862,9072
1388,9080
1388,9088
1388,9097
860,9105
1388,9113
1388,9122
1388,9130
332,9138
1388,9147
1388,9155
1388,9163
266,9172
1388,9180
1388,9188
1388,9197
371,9205
1388,9213
1388,9222
1388,9230
165,9238
1388,9247
1388,9255
1388,9263
281,9272
1388,9280
1388,9288
1388,9297
118,9305
1388,9313
0,9323
1388,9325
0,9335
813,9336
1388,9347
1388,9358
1245,9369
1388,9380
1388,9391
0,9402
1240,9402
1388,9413
0,9423
1388,9425
0,9435
933,9436
1388,9447
1388,9458
860,9469
1388,9480
0,9490
1388,9491
789,9502
0,9512
1388,9513
1388,9525
0,9535
782,9536
1388,9547
1388,9558
724,9569
0,9579
1388,9580
1388,9591
481,9602
1388,9613
1388,9622
1388,9630
392,9638
1388,9647
1388,9655
1388,9663
1207,9672
1388,9680
508,9685
1388,9687
1388,9693
1388,9700
51,9707
1388,9713
1388,9722
1388,9730
1132,9738
1388,9747
1388,9755
1388,9763
1109,9772
1388,9780
1388,9788
1388,9797
1236,9805
1388,9813
0,9823
1388,9825
0,9835
1241,9836
1388,9847
1388,9855
1388,9863
165,9872
1388,9880
1388,9888
1388,9897
171,9905
1388,9913
1388,9925
870,9936
1388,9947
0,9957
1388,9958
0,9968
593,9969
1388,9980
0,9990
1388,9991
0,10001
870,10002
0,10013
1388,10013
1388,10025
634,10036
1388,10047
1388,10058
0,10068
904,10069
1388,10080
1388,10091
862,10102
1388,10113
0,10123
1388,10125
538,10136
1388,10147
1388,10158
568,10169
0,10179
1388,10180
1388,10191
967,10202
1388,10213
1388,10225
1334,10236
0,10246
1388,10247
1388,10255
1388,10263
170,10272
1388,10280
1388,10288
1388,10297
463,10305
1388,10313
1388,10322
1388,10330
440,10338
1388,10347
1388,10355
1388,10363
230,10372
1388,10380
1388,10388
1388,10397
18,10405
1388,10413
0,10428
518,10430
1388,10447
1388,10448
1388,10449
1388,10449
1388,10450
1388,10451
1388,10452
1388,10453
1388,10454
1388,10455
1388,10456
1388,10457
1388,10458
1388,10458
1388,10459
1388,10460
1388,10461
1388,10462
1388,10463
1388,10464
1388,10465
1388,10466
1388,10467
1388,10467
1388,10468
1388,10469
1388,10470
1388,10471
1388,10472
1388,10473
1388,10474
1388,10475
1388,10476
1388,10477
1388,10477
1388,10478
918,10479
1388,10480
1388,10487
1388,10493
1388,10500
332,10507
1388,10513
1419,10515
1388,10519
1388,10525
1388,10530
1388,10536
964,10541
1388,10547
1388,10552
1388,10558
1388,10563
1388,10569
1224,10575
1388,10580
1388,10586
1388,10591
1388,10597
1388,10602
1018,10608
1388,10613
1388,10619
1388,10625
1388,10630
1388,10636
874,10641
1388,10647
1388,10652
1388,10658
1388,10663
1388,10669
808,10675
1388,10680
1388,10685
1388,10690
1388,10694
1388,10699
1388,10704
45,10709
1388,10713
1388,10718
1388,10723
1388,10728
1388,10732
1388,10737
56,10742
1388,10747
1388,10752
1388,10756
1388,10761
1388,10766
1417,10769
1388,10771
497,10775
1388,10780
1388,10786
1388,10791
1388,10797
1388,10802
1256,10808
1388,10813
1388,10819
1388,10825
1388,10830
1388,10836
720,10841
1388,10847
1388,10852
1388,10858
1388,10863
1388,10869
163,10875
1388,10880
1388,10886
1388,10891
1388,10897
1388,10902
98,10908
1388,10913
1388,10918
1388,10923
1388,10928
1388,10932
1388,10937
200,10942
1388,10947
1388,10952
1388,10958
1388,10963
1388,10969
1000,10975
1388,10980
1388,10985
1388,10990
1388,10994
1388,10999
1388,11004
725,11009
1388,11013
1388,11018
1388,11022
1388,11026
1388,11030
1388,11034
1388,11038
137,11043
1388,11047
1388,11051
1388,11055
1388,11059
1388,11063
1388,11068
1388,11072
340,11076
1388,11080
1388,11085
1388,11090
1388,11094
1388,11099
1388,11104
1268,11109
1388,11113
1388,11118
1388,11122
1388,11126
1388,11130
1388,11134
1388,11138
586,11143
1388,11147
1388,11150
1388,11154
1388,11158
1388,11162
1388,11165
1388,11169
1388,11173
99,11176
1388,11180
1388,11184
1388,11188
1388,11191
1388,11195
1388,11199
1388,11202
1388,11206
793,11210
1388,11213
1388,11217
1388,11220
1388,11223
1388,11227
1388,11230
1388,11233
1388,11237
1388,11240
67,11243
1388,11247
1388,11250
1388,11254
1388,11258
1388,11262
1388,11265
1388,11269
1388,11273
1128,11276
1388,11280
1388,11283
1388,11287
1388,11290
1388,11293
1388,11297
1388,11300
1388,11303
1388,11307
224,11310
1388,11313
1388,11316
1388,11320
1388,11323
1388,11326
1388,11329
1388,11332
1388,11335
1388,11338
1388,11341
412,11344
1388,11347
1388,11350
1388,11353
1388,11356
1388,11359
1388,11362
1388,11365
1388,11368
1388,11371
1388,11374
579,11377
1388,11380
1388,11383
1388,11386
1388,11389
1388,11392
1388,11395
1388,11398
1388,11401
1388,11404
1388,11407
188,11410
1388,11413
1388,11416
1388,11420
1388,11423
1388,11426
1388,11429
1388,11432
1388,11435
1388,11438
1388,11441
68,11444
1388,11447
1460,11482
1460,11490
1460,11500
1460,11540
1460,11541
1460,11557
1460,11567
1460,11582
1460,11628
1460,11628
1460,11638
1460,11648
1460,11675
1460,11695
1460,11705
1460,11746
1460,11747
1460,11747
1460,11747
1460,11748
1460,11748
1460,11749
1460,11749
1460,11749
1460,11750
1460,11750
1460,11751
1460,11751
1460,11751
1460,11752
1460,11752
1460,11753
1460,11753
1460,11753
1460,11754
1460,11754
1460,11755
1460,11755
1460,11755
1459,11756
1460,11756
1460,11757
1460,11757
1460,11757
1460,11758
1460,11758
1460,11759
1460,11759
1460,11759
1460,11760
1460,11760
1460,11761
1460,11761
1459,11761
1460,11762
1460,11762
1460,11777
1460,11777
1460,11787
1460,11794
1460,11794
1460,11794
1460,11795
1460,11795
1460,11796
1460,11796
1460,11796
1460,11797
1460,11797
1460,11798
1460,11798
1460,11798
1460,11799
1460,11799
1459,11800
1460,11800
1499,11800
1460,11800
1460,11801
1460,11801
1460,11802
1459,11802
1460,11802
1460,11803
1460,11803
1460,11804
1460,11804
1460,11804
1460,11805
1460,11805
1460,11806
1460,11806
1460,11806
1460,11807
1460,11807
1460,11808
1460,11808
1460,11808
1460,11809
1460,11809
1460,11810
1460,11810
1460,11810
1460,11811
286,11811
1388,11813
1388,11818
1388,11822
1388,11826
1388,11830
1388,11834
1388,11838
1499,11841
1029,11843
1388,11847
1388,11850
1388,11853
1388,11857
1388,11860
1388,11863
1388,11867
1388,11870
1388,11873
539,11877
1388,11880
1388,11884
1388,11888
1388,11891
1388,11895
1388,11899
1388,11902
1388,11906
285,11910
1388,11913
1388,11917
1388,11920
1388,11923
1388,11927
1388,11930
1388,11933
1388,11937
1388,11940
93,11943
1388,11947
1388,11950
1388,11954
1388,11958
1388,11962
1388,11965
1388,11969
1388,11973
682,11976
1388,11980
1388,11983
1388,11987
1388,11990
1388,11993
1388,11997
1388,12000
1388,12003
1388,12007
1246,12010
1388,12013
1388,12017
1388,12020
1388,12023
1388,12027
1388,12030
1388,12033
1388,12037
1388,12040
1300,12043
1388,12047
1388,12050
1388,12053
1388,12056
1427,12057
1388,12059
1388,12062
1388,12065
1388,12068
1388,12071
1388,12074
589,12077
1388,12080
1388,12083
1388,12086
1388,12089
1388,12092
1388,12095
1388,12098
1388,12101
1388,12104
1388,12107
1200,12110
1388,12113
1388,12116
1388,12120
1388,12123
1388,12126
1388,12129
1388,12132
1388,12135
1388,12138
1388,12141
1387,12144
1388,12147
1388,12150
1388,12152
1388,12155
1388,12158
1388,12161
1388,12163
1388,12166
1388,12169
1388,12172
1388,12175
186,12177
1388,12180
1388,12183
1388,12186
1388,12188
1388,12191
1388,12194
1388,12197
1427,12198
1388,12200
1388,12202
1388,12205
1388,12208
1298,12211
1388,12213
1388,12216
1388,12219
1388,12221
1388,12224
1388,12226
1388,12229
1388,12231
1388,12234
1388,12237
1388,12239
1388,12242
483,12244
1388,12247
1388,12249
1388,12252
1388,12254
1388,12257
1388,12260
1388,12262
1388,12265
1388,12267
1388,12270
1388,12272
1388,12275
128,12278
1388,12280
1388,12283
1388,12286
1388,12289
1388,12292
1388,12295
1388,12298
1388,12301
1388,12304
1388,12307
1289,12310
1388,12313
1388,12316
1388,12320
1388,12323
1388,12326
1388,12329
1388,12332
1388,12335
1388,12338
1388,12341
1021,12344
1388,12347
1388,12350
1388,12352
1388,12355
1388,12358
1388,12361
1388,12363
1388,12366
1388,12369
1388,12372
1388,12375
1201,12377
1388,12380
1388,12383
1388,12386
1388,12388
1388,12391
1388,12394
1388,12397
1388,12400
1388,12402
1388,12405
1388,12408
327,12411
1388,12413
1388,12416
1388,12419
1388,12422
1388,12425
1388,12427
1388,12430
1388,12433
1388,12436
1388,12438
1388,12441
296,12444
1388,12447
1388,12450
1388,12452
1388,12455
1388,12458
1388,12461
1388,12463
1388,12466
1388,12469
1388,12472
1388,12475
822,12477
1388,12480
1388,12483
1388,12485
1388,12488
1388,12490
1388,12493
1388,12495
1388,12498
1388,12501
1388,12503
1388,12506
1388,12508
220,12511
1388,12513
1388,12516
1388,12518
1388,12521
1388,12523
1388,12525
1388,12528
1388,12530
1388,12532
1388,12535
1388,12537
1388,12540
1388,12542
558,12544
1388,12547
1388,12550
1388,12552
1388,12555
1388,12558
1388,12561
1388,12563
1388,12566
1388,12569
1388,12572
1388,12575
389,12577
1388,12580
1388,12585
1388,12590
1388,12594
1388,12599
1388,12604
1255,12609
1388,12613
1388,12618
1388,12622
1388,12626
1388,12630
1388,12634
1388,12638
588,12643
1388,12647
1388,12652
1388,12658
1388,12663
1388,12669
1425,12670
1219,12675
1388,12680
1388,12685
1388,12690
1388,12694
1388,12699
1388,12704
106,12709
1388,12713
1388,12718
1388,12723
1388,12728
1388,12732
1388,12737
1037,12742
1388,12747
1388,12752
1388,12756
1388,12761
1388,12766
1388,12771
607,12775
1388,12780
1388,12785
1388,12790
1388,12794
1388,12799
1388,12804
315,12809
1388,12813
1388,12819
1388,12825
1388,12830
1388,12836
640,12841
1388,12847
1388,12853
1388,12860
1388,12867
1019,12873
1388,12880
1388,12885
1388,12890
1388,12894
1388,12899
1388,12904
399,12909
1388,12913
1388,12917
1388,12921
1388,12925
1388,12928
1388,12932
1388,12936
1388,12939
57,12943
1388,12947
1388,12952
1388,12956
1388,12961
1388,12966
1431,12967
1388,12971
632,12975
1388,12980
1388,12984
1388,12988
1388,12991
1388,12995
1388,12999
1388,13002
1388,13006
454,13010
1388,13013
1388,13018
1388,13022
1388,13026
1388,13030
1388,13034
1388,13038
907,13043
1388,13047
1388,13053
1388,13060
1388,13067
616,13073
1388,13080
1388,13085
1388,13090
1388,13094
1388,13099
1388,13104
429,13109
1388,13113
1388,13117
1388,13121
1388,13125
1388,13128
1388,13132
1388,13136
1388,13139
309,13143
948,13144
1388,13147
1388,13151
1388,13155
1460,13165
1460,13171
1260,13172
1388,13172
1258,13176
1460,13187
1324,13188
1388,13189
1388,13193
1388,13197
1388,13201
1388,13205
1350,13209
1388,13213
1388,13218
1388,13222
1388,13226
1388,13230
1388,13234
1388,13238
1274,13243
1388,13247
1388,13250
1388,13253
1388,13257
1388,13260
1388,13263
1388,13267
1388,13270
1388,13273
386,13277
1388,13280
1388,13285
1388,13290
1388,13294
1388,13299
1388,13304
894,13309
1388,13313
1388,13318
1388,13322
1388,13326
1388,13330
1388,13334
1388,13338
1284,13343
1388,13347
1388,13351
1388,13355
1388,13359
1388,13363
1388,13368
1388,13372
1227,13376
1388,13380
1388,13384
1388,13388
1388,13393
1388,13397
1388,13401
1388,13405
135,13409
1388,13413
1388,13418
1388,13423
1435,13423
1388,13428
1388,13432
1388,13437
1039,13442
1388,13447
1388,13452
1388,13456
1388,13461
1388,13466
1388,13471
759,13475
1388,13480
1388,13484
1388,13488
1388,13493
1388,13497
1388,13501
1388,13505
525,13509
1388,13513
1388,13518
1388,13522
1388,13526
1435,13528
1388,13530
1388,13534
1388,13538
513,13543
1388,13547
1388,13550
1388,13553
1388,13557
1388,13560
1388,13563
1388,13567
1388,13570
1388,13573
275,13577
1388,13580
1388,13584
1388,13588
1388,13593
1388,13597
1388,13601
1388,13605
456,13609
1388,13613
1388,13614
1388,13616
1388,13617
1388,13618
1388,13619
1388,13620
1388,13621
1388,13622
1388,13623
1388,13624
1388,13625
1388,13626
1388,13627
1388,13628
1388,13629
1388,13630
1388,13631
1388,13632
1388,13633
1388,13634
1388,13635
1388,13636
1388,13637
1388,13638
1388,13639
1388,13641
1388,13642
1388,13643
1388,13644
1388,13645
1159,13646
1388,13647
1388,13650
1388,13652
1388,13655
1388,13658
1388,13661
1388,13663
1388,13666
1388,13669
1388,13672
1388,13675
764,13677
1388,13680
1388,13682
1388,13685
1388,13687
1388,13690
1388,13692
1388,13694
1388,13697
1388,13699
1388,13702
1388,13704
1388,13706
1388,13709
199,13711
1388,13713
1388,13716
1388,13719
1388,13721
1388,13724
1388,13726
1388,13729
1388,13731
1388,13734
1388,13737
1388,13739
1388,13742
228,13744
1388,13747
1388,13749
1388,13752
1388,13754
1388,13757
1388,13760
1388,13762
1388,13765
1388,13767
1388,13770
1388,13772
1388,13775
1089,13778
1388,13780
1388,13782
1388,13784
1388,13786
1388,13788
1388,13791
1388,13793
1388,13795
1388,13797
1388,13799
1388,13801
1388,13803
1388,13805
1388,13807
1388,13809
142,13811
1388,13813
1388,13816
1388,13818
1388,13820
1388,13822
1388,13824
1388,13826
1388,13828
1388,13830
1388,13832
1388,13834
1388,13836
1388,13838
1388,13841
1388,13843
289,13845
1388,13847
1388,13849
1388,13851
1388,13853
1388,13855
1388,13857
1388,13859
1388,13861
1388,13863
1388,13866
1388,13868
1388,13870
1388,13872
1388,13874
1388,13876
702,13878
1388,13880
1388,13882
1388,13884
1388,13886
1388,13888
1388,13891
1388,13893
1388,13895
1388,13897
1388,13899
1388,13901
1388,13903
1388,13905
1388,13907
1388,13909
514,13911
1388,13913
1388,13916
1388,13918
1388,13920
1388,13922
1388,13925
1388,13927
1388,13929
1388,13931
1388,13933
1388,13936
1388,13938
1388,13940
1388,13942
1055,13945
1388,13947
1388,13949
1388,13951
1388,13953
1388,13955
1388,13957
1388,13959
1388,13961
1388,13963
1388,13966
1388,13968
1388,13970
1388,13972
1388,13974
1388,13976
406,13978
1388,13980
1388,13982
1388,13984
1388,13986
1388,13988
1388,13991
1388,13993
1388,13995
1388,13997
1388,13999
1388,14001
1388,14003
1388,14005
1388,14007
1388,14009
429,14011
1388,14013
1388,14016
1388,14018
1388,14020
1388,14022
1388,14025
1388,14027
1388,14029
1388,14031
1388,14033
1388,14036
1388,14038
1388,14040
1388,14042
1123,14045
1388,14047
1388,14049
1388,14051
1388,14053
1388,14056
1388,14058
1388,14060
1388,14062
1388,14065
1388,14067
1388,14069
1388,14071
1388,14073
1388,14076
1189,14078
1388,14080
1388,14082
1388,14085
1388,14087
1388,14089
1388,14091
1388,14093
1388,14096
1388,14098
1388,14100
1388,14102
1388,14105
1388,14107
1388,14109
662,14111
1388,14113
1388,14116
1388,14118
1388,14120
1388,14122
1388,14125
1388,14127
1388,14129
1388,14131
1388,14133
1388,14136
1388,14138
1388,14140
1388,14142
118,14145
1388,14147
1388,14149
1388,14152
1388,14154
1388,14156
1388,14159
1388,14161
1388,14163
1388,14166
1388,14168
1388,14171
1388,14173
1388,14175
883,14178
1388,14180
1388,14182
1388,14185
1388,14187
1388,14190
1388,14192
1388,14194
1388,14197
1388,14199
1388,14202
1388,14204
1388,14206
1388,14209
975,14211
1388,14213
1388,14216
1388,14218
1388,14221
1388,14223
1388,14225
1388,14228
1388,14230
1388,14232
1388,14235
1388,14237
1388,14240
1388,14242
943,14244
1388,14247
1388,14249
1388,14252
1388,14254
1388,14256
1388,14259
1388,14261
1388,14263
1388,14266
1388,14268
1388,14271
1388,14273
1388,14275
1309,14278
1388,14280
1388,14282
1388,14285
1388,14287
1388,14290
1388,14292
1388,14294
1388,14297
1388,14299
1388,14302
1388,14304
1388,14306
1388,14309
1355,14311
1388,14313
1388,14316
1388,14318
1388,14321
1388,14323
1388,14325
1388,14328
1388,14330
1388,14332
1388,14335
1388,14337
1388,14340
1388,14342
1291,14344
1388,14347
1388,14349
1388,14352
1388,14354
1388,14356
1388,14359
1388,14361
1388,14363
1388,14366
1388,14368
1388,14371
1388,14373
1388,14375
1225,14378
1388,14380
1388,14382
1388,14385
1388,14387
1388,14390
1388,14392
1388,14394
1388,14397
1388,14399
1388,14402
1388,14404
1388,14406
1388,14409
999,14411
1388,14413
1388,14416
1388,14418
1388,14421
1388,14423
1388,14425
1388,14428
1388,14430
1388,14432
1388,14435
1388,14437
1388,14440
1388,14442
1250,14444
1388,14447
1388,14449
1388,14452
1388,14454
1388,14456
1388,14459
1388,14461
1388,14463
1388,14466
1388,14468
1388,14471
1388,14473
1388,14475
242,14478
1388,14480
1388,14482
1388,14485
1388,14487
1388,14490
1388,14492
1388,14494
1388,14497
1388,14499
1388,14502
1388,14504
1388,14506
1388,14509
252,14511
1388,14513
1388,14516
1388,14518
1388,14521
1388,14523
1388,14525
1388,14528
1388,14530
1388,14532
1388,14535
1388,14537
1388,14540
1388,14542
1200,14544
1388,14547
1388,14549
1388,14551
1388,14553
1388,14556
1388,14558
1388,14560
1388,14562
1388,14565
1388,14567
1388,14569
1388,14571
1388,14573
1388,14576
487,14578
1388,14580
1388,14582
1388,14585
1388,14587
1388,14589
1388,14591
1388,14593
1388,14596
1388,14598
1388,14600
1388,14602
1388,14605
1388,14607
1388,14609
585,14611
1388,14613
1388,14616
1388,14618
1388,14621
1388,14623
1388,14625
1388,14628
1388,14630
1388,14632
1388,14635
1388,14637
1388,14640
1388,14642
980,14644
1388,14647
1388,14649
1388,14652
1388,14654
1388,14656
1388,14659
1388,14661
1388,14663
1388,14666
1388,14668
1388,14671
1388,14673
1388,14675
540,14677
1085,14678
1388,14680
1388,14682
1388,14685
1388,14687
1388,14690
1388,14692
1388,14694
1388,14697
1388,14699
1388,14702
1388,14704
1388,14706
1388,14709
1375,14711
1388,14713
1388,14716
1388,14718
1388,14721
1388,14723
1388,14725
1388,14728
1388,14730
1388,14732
1388,14735
1388,14737
1388,14740
1388,14742
814,14744
1388,14747
1388,14749
1388,14752
1388,14754
1388,14756
1388,14759
1388,14761
1388,14763
1388,14766
1388,14768
1388,14771
1388,14773
1388,14775
570,14778
1388,14780
1388,14782
1388,14785
1388,14787
1388,14790
1388,14792
1388,14794
1388,14797
1388,14799
1388,14802
1388,14804
1388,14806
1388,14809
868,14811
1388,14813
1388,14816
1388,14818
1388,14821
1388,14823
1388,14825
1388,14828
1388,14830
1388,14832
1388,14835
1388,14837
1388,14840
1388,14842
184,14844
1388,14847
1388,14849
1388,14852
1388,14854
1388,14857
1388,14860
1388,14862
1388,14865
1388,14867
1388,14870
1388,14872
1388,14875
587,14878
1388,14880
1388,14883
1388,14885
1388,14888
1388,14890
1388,14893
1388,14895
1388,14898
1388,14901
1388,14903
1388,14906
1388,14908
496,14911
1388,14913
1388,14916
1388,14919
1388,14921
1388,14924
1388,14926
1388,14929
1388,14931
1388,14934
1388,14937
1388,14939
1388,14942
240,14944
1388,14947
1388,14950
1388,14952
1388,14955
1388,14958
1388,14961
1388,14963
1388,14966
1388,14969
1388,14972
1388,14975
1222,14977
1388,14980
1388,14983
1388,14985
1388,14988
1388,14990
1388,14993
1388,14995
1388,14998
1388,15001
1388,15003
1388,15006
1388,15008
289,15011
1388,15013
1388,15016
1388,15019
1388,15021
1388,15024
1388,15026
1388,15029
1388,15031
1388,15034
1388,15037
1388,15039
1388,15042
38,15044
1388,15047
1388,15049
1388,15052
1388,15054
1388,15057
1388,15060
1388,15062
1388,15065
1388,15067
1388,15070
1388,15072
1388,15075
570,15078
1388,15080
1388,15083
1388,15085
1388,15088
1388,15090
1388,15093
1388,15095
1388,15098
1388,15101
1388,15103
1388,15106
1388,15108
99,15111
1388,15113
1388,15116
1388,15119
1388,15122
1388,15125
1388,15127
1388,15130
1388,15133
1388,15136
1388,15138
1388,15141
577,15144
1388,15147
1388,15150
1388,15152
1388,15155
1388,15158
1388,15161
1388,15163
1388,15166
1388,15169
1388,15172
1388,15175
1356,15177
1388,15180
1388,15183
1388,15186
1388,15188
1388,15191
1388,15194
1388,15197
1388,15200
1388,15202
1388,15205
1388,15208
1246,15211
1388,15213
1388,15216
1388,15219
1388,15221
1388,15224
1388,15226
1388,15229
1388,15231
1388,15234
1388,15237
1388,15239
1388,15242
186,15244
1388,15247
1388,15250
1388,15252
1388,15255
1388,15258
1388,15261
1388,15263
1388,15266
1388,15269
1388,15272
1388,15275
1030,15277
1388,15280
1388,15283
1388,15286
1388,15288
1388,15291
1388,15294
1388,15297
1388,15300
1388,15302
1388,15305
1388,15308
895,15311
1388,15313
1388,15316
1388,15320
1388,15323
1388,15326
1388,15329
1388,15332
1388,15335
1388,15338
1388,15341
1260,15344
1388,15347
1388,15350
1388,15353
1388,15356
1388,15359
1388,15362
1388,15365
1388,15368
1388,15371
1388,15374
571,15377
1388,15380
1388,15383
1388,15386
1388,15389
1388,15392
1388,15395
1388,15398
1388,15401
1388,15404
1388,15407
442,15410
1388,15413
1388,15416
1388,15420
1388,15423
1388,15426
1388,15429
1388,15432
1388,15435
1388,15438
1388,15441
888,15444
1388,15447
1388,15450
1388,15452
1388,15455
1388,15458
1388,15461
1388,15463
1388,15466
1388,15469
1388,15472
1388,15475
94,15477
1388,15480
1388,15483
1388,15486
1388,15488
1388,15491
1388,15494
1388,15497
1388,15500
1388,15502
1388,15505
1388,15508
849,15511
1388,15513
1388,15516
1388,15519
1388,15521
1388,15524
1388,15526
1388,15529
1388,15531
1388,15534
1388,15537
1388,15539
1388,15542
54,15544
1388,15547
1388,15549
1388,15552
1388,15554
1388,15557
1388,15560
1388,15562
1388,15565
1388,15567
1388,15570
1388,15572
1388,15575
173,15578
1388,15580
1388,15583
1388,15585
1388,15588
1388,15590
1388,15593
1388,15595
1388,15598
1388,15601
1388,15603
1388,15606
1388,15608
62,15611
1388,15613
1388,15616
1388,15619
1388,15622
1388,15625
1388,15627
1388,15630
1388,15633
1388,15636
1388,15638
1388,15641
1194,15644
1388,15647
1388,15650
1388,15652
1388,15655
1388,15658
1388,15661
1388,15663
1388,15666
1388,15669
1388,15672
1388,15675
782,15677
1388,15680
1388,15683
1388,15686
1388,15689
1388,15692
1388,15695
1388,15698
1388,15701
1388,15704
1388,15707
1285,15710
1388,15713
1388,15716
1388,15719
1388,15722
1388,15725
1388,15727
1388,15730
1388,15733
1388,15736
1388,15738
1388,15741
221,15744
1388,15747
1388,15749
1388,15752
1388,15754
1388,15757
1388,15760
1388,15762
1388,15765
1388,15767
1388,15770
1388,15772
1388,15775
55,15778
1388,15780
1388,15783
1388,15785
1388,15788
1388,15790
1388,15793
1388,15795
1388,15798
1388,15801
1388,15803
1388,15806
1388,15808
84,15811
1388,15813
1388,15816
1388,15819
1388,15822
1388,15825
1388,15827
1388,15830
1388,15833
1388,15836
1388,15838
1388,15841
1381,15844
1388,15847
1388,15850
1388,15852
1388,15855
1388,15858
1388,15861
1388,15863
1388,15866
1388,15869
1388,15872
1388,15875
767,15877
1388,15880
1388,15883
1388,15886
1388,15888
1388,15891
1388,15894
1388,15897
1388,15900
1388,15902
1388,15905
1388,15908
1261,15911
1388,15913
1388,15916
1388,15919
1388,15922
1388,15925
1388,15927
1388,15930
1388,15933
1388,15936
1388,15938
1388,15941
175,15944
1388,15947
1388,15950
1388,15953
1388,15956
1388,15959
1388,15962
1388,15965
1388,15968
1388,15971
1388,15974
1342,15977
1388,15980
1388,15983
1388,15986
1388,15988
1388,15991
1388,15994
1388,15997
1388,16000
1388,16002
1388,16005
1388,16008
858,16011
1388,16013
1388,16016
1388,16019
1388,16022
1388,16025
1388,16027
1388,16030
1388,16033
1388,16036
1388,16038
1388,16041
332,16044
1388,16047
1388,16050
1388,16052
1388,16055
1388,16058
1388,16061
1388,16063
1388,16066
1388,16069
1388,16072
1388,16075
413,16077
1388,16080
1388,16083
1388,16086
1388,16088
1388,16091
1388,16094
1388,16097
1388,16100
1388,16102
1388,16105
1388,16108
1020,16111
1388,16113
1388,16116
1388,16119
1388,16122
1388,16125
1388,16127
1388,16130
1388,16133
1388,16136
1388,16138
1388,16141
294,16144
1388,16147
1388,16150
1388,16153
1388,16156
1388,16159
1388,16162
1388,16165
1388,16168
1388,16171
1388,16174
698,16177
1388,16180
1388,16183
1388,16187
1388,16190
1388,16193
1388,16197
1388,16200
1388,16203
1388,16207
1382,16210
1388,16213
1388,16217
1388,16221
1388,16225
1388,16228
1388,16232
1388,16236
1388,16239
1252,16243
1388,16247
1388,16250
1388,16254
1388,16258
1388,16262
1388,16265
1388,16269
1388,16273
877,16276
1388,16280
1388,16284
1388,16288
1388,16291
1388,16295
1388,16299
1388,16302
1388,16306
1006,16310
1388,16313
1388,16317
1388,16321
1388,16325
1388,16328
1388,16332
1388,16336
1388,16339
892,16343
1388,16347
1388,16350
1388,16354
1388,16358
1388,16362
1388,16365
1388,16369
1388,16373
165,16376
1388,16380
1388,16384
1388,16388
1388,16391
1388,16395
1388,16399
1388,16402
1388,16406
634,16410
1388,16413
1388,16417
1388,16421
1388,16425
1388,16428
1388,16432
1388,16436
1388,16439
143,16443
1388,16447
1388,16450
1388,16453
1388,16457
1388,16460
1388,16463
1388,16467
1388,16470
1388,16473
726,16477
1388,16480
1388,16483
1388,16487
1388,16490
1388,16493
1388,16497
1388,16500
1388,16503
1388,16507
460,16510
1388,16513
1388,16517
1388,16520
1388,16523
1388,16527
1388,16530
1388,16533
1388,16537
1388,16540
399,16543
1388,16547
1388,16550
1388,16553
1388,16557
1388,16560
1388,16563
1388,16567
1388,16570
1388,16573
233,16577
1388,16580
1388,16583
1388,16587
1388,16590
1388,16593
1388,16597
1388,16600
1388,16603
1388,16607
576,16610
1388,16613
1388,16617
1388,16620
1388,16623
1388,16627
1388,16630
1388,16633
1388,16637
1388,16640
1094,16643
1388,16647
1388,16650
1388,16654
1388,16658
1388,16662
1388,16665
1388,16669
1388,16673
1004,16676
1388,16680
1388,16684
1388,16688
1388,16693
1388,16697
1388,16701
1388,16705
316,16709
1388,16713
1388,16717
1388,16721
1388,16725
1388,16728
1388,16732
1388,16736
1388,16739
1013,16743
1388,16747
1388,16750
1388,16754
1388,16758
1388,16762
1388,16765
1388,16769
1388,16773
868,16776
1388,16780
1388,16784
1388,16788
1388,16793
1388,16797
1388,16801
1388,16805
103,16809
1388,16813
1388,16818
1388,16823
1388,16828
1388,16832
1388,16837
59,16842
1388,16847
1388,16852
1388,16858
1388,16863
1388,16869
322,16875
1388,16880
1388,16887
1388,16893
1388,16900
1017,16907
1388,16913
1388,16925
419,16936
1388,16947
1388,16950
1388,16953
1388,16956
1388,16959
1388,16962
1388,16965
1388,16968
1388,16971
1388,16974
584,16977
1388,16980
0,16990
174,16997
1388,17013
0,17023
713,17030
1388,17047
843,17063
1388,17080
975,17097
1388,17113
941,17130
1388,17147
1139,17163
0,17173
0,17175
1388,17180
1233,17197
0,17207
0,17208
1388,17213
1253,17230
1388,17247
1276,17263
1388,17280
1292,17297
1388,17313
1388,17325
0,17335
42,17336
1388,17347
0,17357
1388,17358
17,17369
1388,17380
1388,17391
114,17402
1388,17413
1388,17425
367,17436
1388,17447
1388,17458
115,17469
1347,17479
1388,17480
0,17490
0,17491
1388,17491
272,17502
1388,17513
1388,17525
179,17536
1388,17547
0,17557
1388,17558
0,17568
329,17569
1388,17580
1388,17591
468,17602
1388,17613
0,17623
1388,17625
0,17635
342,17636
0,17646
1388,17647
0,17657
1388,17658
275,17669
1388,17680
0,17690
1388,17691
739,17702
0,17712
1388,17713
0,17724
1388,17725
0,17735
474,17736
0,17746
1388,17747
0,17757
1388,17758
0,17769
546,17769
1388,17780
1388,17791
0,17801
646,17802
1388,17813
1388,17825
0,17835
700,17836
0,17846
1388,17847
0,17857
1388,17858
0,17868
603,17869
1388,17880
1388,17891
857,17902
1388,17913
1388,17925
0,17935
763,17936
1388,17947
1388,17958
0,17968
902,17969
0,17979
1388,17980
0,17991
1388,17991
0,18001
935,18002
1388,18013
1388,18025
1224,18036
1388,18047
1388,18055
1388,18063
57,18072
1388,18080
1388,18091
0,18101
978,18102
0,18112
1388,18113
1388,18125
1215,18136
0,18146
1388,18147
1388,18158
1281,18169
1388,18180
1388,18188
1388,18197
61,18205
1388,18213
1388,18225
1317,18236
1388,18247
0,18257
1388,18258
0,18268
1361,18269
1388,18280
1388,18291
921,18302
0,18312
1388,18313
1388,18325
1196,18336
1388,18347
0,18357
1388,18358
0,18369
1180,18369
0,18379
1388,18380
1388,18391
1169,18402
1388,18413
0,18423
1388,18425
925,18436
0,18446
1388,18447
1388,18458
1345,18469
1388,18480
0,18491
1388,18491
0,18502
1355,18502
0,18512
1388,18513
1388,18525
979,18536
1388,18547
0,18557
1388,18558
753,18569
0,18579
1388,18580
1388,18591
899,18602
1388,18613
0,18624
1388,18625
841,18636
0,18646
1388,18647
1388,18658
929,18669
1388,18680
1388,18691
809,18702
1388,18713
1388,18725
0,18735
1025,18736
1388,18747
1388,18758
1217,18769
1388,18780
0,18790
0,18791
1388,18791
1088,18802
1388,18813
1388,18825
1356,18836
1388,18847
1388,18858
1369,18869
0,18879
1388,18880
1388,18888
1388,18897
153,18905
1388,18913
1388,18922
1388,18930
335,18938
1388,18947
1388,18955
1388,18963
218,18972
1388,18980
1388,18988
1388,18997
210,19005
1388,19013
1388,19022
1388,19030
11,19038
1388,19047
1388,19055
1388,19063
411,19072
1388,19080
1388,19088
1388,19097
504,19105
1388,19113
1388,19122
1388,19130
766,19138
1388,19147
1388,19155
1388,19163
1033,19172
1388,19180
1388,19188
1388,19197
886,19205
1388,19213
1388,19222
1388,19230
700,19238
1388,19247
1388,19255
1388,19263
638,19272
1388,19280
1388,19288
1388,19297
188,19305
1388,19313
1388,19322
1459,19329
1388,19330
236,19338
1388,19347
1388,19358
1269,19369
1388,19380
0,19390
1388,19391
1308,19402
1388,19413
1388,19425
1053,19436
0,19446
1388,19447
1388,19458
1237,19469
1388,19480
1388,19491
1200,19502
0,19512
1388,19513
1388,19525
0,19535
861,19536
0,19546
1388,19547
1388,19558
732,19569
1388,19580
1388,19591
0,19601
1281,19602
1388,19613
0,19624
1388,19625
0,19635
1126,19636
1388,19647
1388,19658
1288,19669
0,19679
1388,19680
1388,19691
1068,19702
1388,19713
1388,19725
0,19735
1252,19736
1388,19747
0,19757
1388,19758
0,19768
1315,19769
1388,19780
1388,19791
1280,19802
0,19812
1388,19813
0,19824
1388,19825
0,19835
1337,19836
1388,19847
1388,19855
1388,19863
21,19872
1388,19880
1388,19888
1388,19897
353,19905
1388,19913
1388,19922
1388,19930
454,19938
1388,19947
1388,19955
1388,19963
501,19972
1388,19980
1388,19988
1388,19997
