777,1448
0,1458
962,1479
0,1489
1116,1513
0,1529
1298,1546
0,1561
1344,1579
0,1596
1243,1613
0,1628
817,1646
0,1661
957,1679
0,1694
967,1713
0,1728
1145,1746
0,1761
319,1779
0,1794
1386,1813
1386,1816
1386,1818
1386,1821
1388,1824
1388,1827
1388,1829
1388,1832
1388,1835
1388,1838
1388,1841
791,1843
1388,1846
1388,1848
1388,1850
1388,1852
1388,1854
1388,1856
1388,1859
1388,1861
1388,1863
1388,1865
1388,1867
1388,1869
1388,1871
1388,1873
1388,1875
99,1877
1388,1879
1388,1881
1388,1884
1401,1884
1388,1886
1388,1888
1388,1890
1388,1892
1388,1894
1388,1896
1388,1898
1388,1900
1388,1902
1388,1904
1388,1906
1388,1909
962,1911
1460,1918
1460,1919
1460,1920
1196,1921
1388,1922
1388,1924
1388,1926
1388,1928
1388,1931
1388,1933
1388,1935
1388,1937
1388,1939
1388,1942
952,1944
1388,1946
1388,1949
1388,1952
1388,1954
1388,1957
1388,1960
1388,1963
1388,1966
1388,1968
1388,1971
1388,1974
281,1977
1388,1979
998,1996
1388,2013
1388,2015
1388,2018
1388,2020
1388,2023
1388,2026
1388,2028
1388,2031
1388,2033
1388,2036
1388,2038
1388,2041
711,2044
1388,2046
1388,2048
1388,2049
1388,2050
1388,2052
1388,2053
1388,2055
1388,2056
1388,2058
1388,2059
1388,2061
1388,2062
1388,2063
1388,2065
1388,2066
1388,2068
1388,2069
1388,2071
1388,2072
1388,2074
1388,2075
1388,2077
322,2078
1388,2079
1388,2081
1388,2082
1388,2083
1388,2084
1388,2085
1388,2086
1388,2087
1388,2088
1388,2089
1388,2091
1388,2092
1388,2093
1388,2094
1388,2095
1388,2096
1388,2097
1388,2098
1388,2100
1388,2101
1388,2102
1460,2104
1460,2105
1260,2106
1460,2109
1460,2109
1460,2113
1460,2114
1460,2114
1460,2117
1460,2118
1460,2119
1460,2120
1460,2121
1460,2122
1460,2126
1460,2127
1460,2129
1460,2130
1460,2131
1460,2132
1460,2132
1460,2135
1459,2136
1460,2136
1460,2138
1460,2139
1460,2139
1460,2142
1460,2142
1460,2145
1460,2145
1460,2146
1460,2148
1460,2149
1460,2149
1460,2152
1460,2153
1460,2153
1460,2160
1460,2160
1460,2161
1460,2164
1460,2164
1475,2167
1460,2167
1460,2168
1460,2168
1460,2169
1460,2169
1459,2173
1460,2173
1460,2174
1460,2177
1460,2177
1460,2179
1460,2179
1460,2180
1460,2183
1460,2183
1460,2184
1460,2186
1460,2186
1460,2187
1460,2189
1460,2189
1460,2192
1460,2193
1460,2193
1460,2196
1460,2196
1460,2197
1459,2200
1460,2200
1460,2201
1460,2207
1460,2208
1460,2208
1460,2213
1460,2214
1460,2214
1460,2215
1460,2215
1460,2216
1460,2219
1460,2220
1460,2220
1460,2223
1460,2224
1460,2224
1460,2225
1460,2226
1460,2229
1460,2230
1460,2230
1460,2233
1460,2233
1460,2233
1460,2236
1460,2236
1460,2237
1460,2237
1459,2240
1460,2240
1460,2241
1479,2243
1460,2244
1460,2244
1460,2245
1460,2245
1460,2246
1460,2247
1460,2248
1460,2248
1460,2255
1460,2255
1460,2256
1460,2261
1460,2261
1460,2262
1460,2262
1460,2263
1460,2267
1460,2267
1458,2268
1460,2270
1460,2271
1460,2273
1460,2273
1460,2273
1460,2277
1460,2277
1460,2278
1460,2280
1460,2281
1460,2281
1460,2283
1460,2284
1460,2284
1460,2291
1460,2291
1460,2291
1460,2292
1460,2292
1460,2293
1460,2293
1460,2294
1460,2294
1460,2295
1459,2295
1460,2295
1460,2301
1460,2302
1460,2308
1460,2308
1460,2309
1460,2309
1460,2309
1460,2310
1460,2314
1460,2314
1460,2315
1460,2317
1460,2318
599,2318
776,2346
1146,2379
1118,2413
0,2431
0,2434
848,2446
696,2479
977,2513
0,2528
947,2546
902,2579
856,2613
0,2628
0,2631
1271,2646
1345,2679
0,2712
1388,2713
0,2723
85,2729
1388,2746
0,2761
208,2763
0,2779
1388,2779
44,2796
0,2811
1388,2813
0,2823
192,2829
0,2839
0,2842
1388,2846
158,2863
1388,2879
272,2896
1388,2913
0,2928
141,2929
0,2939
1388,2946
506,2963
1388,2979
0,2989
0,2992
535,2996
1388,3013
505,3029
1388,3046
577,3063
1388,3079
0,3089
0,3092
571,3096
1388,3113
765,3129
1388,3146
737,3163
1388,3179
0,3189
0,3193
886,3196
1388,3213
905,3229
1388,3246
943,3263
0,3278
1388,3279
0,3289
811,3296
1388,3313
1275,3329
1388,3346
0,3356
0,3359
1269,3363
1388,3379
1329,3396
1388,3413
1388,3424
117,3435
0,3445
1388,3446
0,3456
1388,3457
56,3468
1388,3479
1388,3491
171,3502
1388,3513
0,3523
1388,3524
0,3534
365,3535
1388,3546
0,3556
1388,3557
423,3568
0,3578
1388,3579
0,3590
1388,3591
0,3601
602,3602
0,3612
0,3613
1388,3613
1388,3624
0,3635
533,3635
1388,3646
1388,3657
314,3668
0,3678
1388,3679
1388,3681
1388,3682
1388,3683
1388,3685
1388,3686
1388,3687
1388,3688
1388,3690
1388,3691
1388,3692
1388,3694
1388,3695
1388,3696
1388,3697
1388,3699
1388,3700
1388,3701
1388,3702
1388,3704
1388,3705
1388,3706
1388,3708
1388,3709
1388,3710
1099,3711
1388,3713
1388,3714
1388,3715
1388,3717
1388,3718
1388,3719
1388,3721
1388,3722
1388,3723
1388,3725
1388,3726
1388,3727
1388,3729
1388,3730
1388,3731
1388,3733
1388,3734
1388,3735
1388,3737
1388,3738
1388,3739
1388,3741
1388,3742
1388,3743
816,3745
1388,3746
1388,3748
1388,3749
1388,3750
1388,3752
1388,3753
1388,3755
1388,3756
1388,3758
1388,3759
1388,3761
1388,3762
1388,3763
1388,3765
1388,3766
1388,3768
1388,3769
1388,3771
1388,3772
1388,3774
1388,3775
1388,3777
553,3778
1388,3779
1388,3781
1388,3783
1388,3784
1388,3786
1388,3788
1388,3789
1388,3791
1388,3793
1388,3794
1388,3796
1388,3798
1388,3799
1388,3801
1388,3803
1388,3804
1388,3806
1388,3808
1388,3809
410,3811
1388,3813
1413,3814
1388,3815
1388,3817
1388,3819
1388,3821
1388,3823
1388,3825
1388,3827
1388,3829
1388,3831
1388,3834
1388,3836
1388,3838
1388,3840
1388,3842
208,3844
1388,3846
1388,3849
1388,3852
1388,3855
1388,3858
1388,3861
1388,3864
1388,3867
1388,3870
1388,3873
151,3876
1388,3879
946,3896
1388,3913
1388,3915
1388,3918
1388,3920
1388,3922
1388,3925
1388,3927
1388,3929
1388,3932
1388,3934
1388,3937
1388,3939
1388,3941
1032,3944
1388,3946
1388,3948
1388,3949
1388,3951
1388,3952
1388,3954
1388,3955
1388,3957
1388,3958
1388,3960
1388,3961
1388,3963
1388,3964
1388,3966
1388,3967
1388,3969
1388,3970
1388,3972
1388,3973
1388,3975
1388,3976
941,3978
1388,3979
1388,3981
1388,3982
1388,3983
1388,3984
1388,3985
1388,3987
1388,3988
1388,3989
1388,3990
1388,3991
1388,3993
1388,3994
1388,3995
1388,3996
1388,3997
1388,3998
1388,4000
1388,4001
1388,4002
1388,4003
1388,4004
1388,4006
1388,4007
1388,4008
1388,4009
1388,4010
831,4012
1388,4013
1388,4014
1388,4015
1388,4016
1388,4017
1388,4018
1388,4019
1388,4020
1388,4021
1388,4022
1388,4023
1460,4026
1460,4026
1260,4027
1460,4030
1460,4030
1260,4030
1460,4033
1460,4034
1460,4037
1460,4037
1460,4038
1460,4040
1460,4041
1460,4041
1460,4043
1460,4043
1460,4046
1460,4047
1460,4047
1460,4050
1460,4050
1460,4051
1460,4053
1460,4054
1460,4054
1457,4057
1460,4057
1460,4060
1460,4061
1460,4061
1460,4064
1460,4064
1460,4064
1460,4067
1460,4067
1460,4067
1460,4070
1460,4070
1460,4073
1460,4073
1460,4077
1460,4077
1460,4078
1460,4080
1460,4081
1460,4081
1460,4084
1459,4085
1460,4085
1460,4088
1460,4088
1460,4089
1460,4093
1460,4093
1460,4094
1460,4096
1460,4097
1460,4097
1460,4100
1460,4100
1460,4101
1460,4104
1460,4104
1460,4104
1460,4107
1459,4107
1460,4110
1460,4111
1460,4111
1460,4114
1460,4114
1460,4115
1489,4117
1460,4117
1460,4118
1460,4118
1460,4119
1460,4119
1460,4120
1460,4124
1460,4125
1460,4125
1460,4128
1460,4128
1460,4129
1460,4132
1460,4132
1460,4133
1460,4135
1041,4136
1388,4146
491,4163
1388,4182
900,4196
1388,4213
523,4229
1388,4246
0,4257
531,4263
0,4273
1388,4279
1111,4296
1388,4313
0,4323
645,4329
0,4339
1388,4346
431,4363
1388,4379
159,4396
0,4406
0,4409
1388,4413
20,4429
1087,4446
1093,4479
0,4494
0,4502
1388,4513
131,4529
1388,4546
168,4563
1388,4579
0,4594
0,4595
281,4596
1388,4613
497,4629
1388,4646
484,4663
0,4677
0,4679
1388,4679
529,4696
1388,4713
923,4729
1388,4746
0,4761
705,4763
0,4773
1388,4784
826,4796
1388,4813
0,4823
1061,4829
0,4839
1388,4846
1137,4863
1388,4879
0,4889
1388,4891
0,4901
73,4902
1388,4913
1388,4924
410,4937
1388,4946
0,4956
1388,4959
121,4968
0,4978
1388,4980
1388,4991
0,5001
96,5004
1388,5013
1388,5027
331,5035
0,5045
1388,5051
1460,5081
1460,5083
499,5084
1388,5094
83,5104
1460,5130
1324,5131
790,5135
1388,5150
1460,5181
1460,5183
74,5184
1388,5194
384,5204
1460,5230
1324,5231
415,5235
1460,5265
1460,5275
1460,5281
162,5283
1460,5322
1460,5323
1460,5333
1460,5380
1460,5381
1460,5383
1459,5428
1459,5438
1460,5448
1460,5495
1460,5514
1460,5531
1460,5566
1460,5576
1460,5586
1460,5648
1460,5658
1460,5668
1491,5715
1460,5737
1460,5754
1460,5786
1460,5796
1460,5806
1460,5853
1460,5863
1460,5873
1460,5919
1460,5936
1459,5953
1460,5991
1460,6001
1460,6011
1460,6058
1460,6068
1460,6078
1460,6114
1460,6131
1460,6144
1460,6159
1460,6186
1460,6206
1460,6216
1460,6226
1460,6258
1460,6288
1460,6298
1460,6308
1460,6354
1460,6364
1456,6374
1460,6421
1460,6434
1460,6446
1460,6492
1460,6505
1460,6518
1460,6528
1460,6538
1460,6585
1460,6595
1460,6605
1460,7051
1460,7062
1460,7072
1460,7098
1459,7108
1460,7125
1460,7135
1460,7155
1460,7165
1460,7182
1460,7192
1460,7211
1459,7229
1460,7240
1460,7258
1460,7275
1460,7285
1460,7305
1460,7322
1460,7332
1460,7352
1460,7369
1460,7381
1460,7399
1460,7427
1497,7428
1460,7438
1460,7474
1460,7483
1497,7521
1460,7537
1459,7548
1460,7568
1460,7584
1460,7596
1460,7615
1460,7631
1460,7643
1460,7662
1460,7678
1460,7690
1460,7709
1460,7725
1460,7738
1460,7756
1460,7772
1460,7789
1460,7803
1460,7820
1460,7837
1460,7851
1453,7867
1460,7888
1460,7904
1460,7932
1460,7953
1460,7974
1460,7994
1460,8015
1460,8036
1460,8057
1460,8074
1460,8101
1459,8122
1460,8143
1460,8164
1460,8185
1460,8205
1460,8226
1460,8243
1460,8271
1460,8291
1460,8312
1460,8335
1460,8357
1460,8379
1460,8402
1460,8415
1460,8445
1460,8459
1460,8482
1460,8504
1460,8526
1460,8540
1460,8562
1460,8582
1460,8616
1460,8641
1460,8666
1460,8691
1460,8716
1460,8733
1460,8758
1460,8777
1460,8811
1460,8821
1460,8846
1460,8871
1459,8896
1460,8910
1460,8935
1460,8955
1460,8989
1460,9003
1460,9028
1460,9049
1460,9074
1460,9099
1460,9120
1460,9140
1460,9174
1460,9200
1460,9210
1460,9233
1553,9246
1460,9258
1460,9274
1459,9300
1460,9316
1460,9331
1460,9346
1460,9365
1460,9381
1460,9398
1460,9415
1460,9432
1452,9445
1460,9467
1460,9484
1460,9501
1460,9517
1460,9528
1460,9547
1460,9562
1460,9578
1459,9591
1460,9611
1460,9621
1460,9640
1460,9652
1460,9669
1460,9689
1460,9701
1460,9720
1460,9737
1460,9752
1460,9767
1460,9784
1460,9801
1460,9816
1460,9833
1460,9852
1460,9867
1460,9877
1460,9899
1460,9914
1460,9928
1460,9938
1460,9963
1460,9982
1460,9996
1460,10007
1460,10031
1460,10045
1460,10059
1460,10080
1460,10100
1460,10119
1460,10133
1460,10149
1460,10165
1460,10182
1460,10197
1460,10220
1553,10245
1460,10258
1460,10276
1460,10292
1460,10306
1460,10323
1460,10341
1460,10355
1460,10367
1460,10390
1460,10409
1460,10423
1553,10458
1460,10473
1460,10487
1460,10505
1460,10520
1460,10535
1460,10554
1460,10573
1459,10586
1460,10601
1460,10611
1460,10635
1460,10645
1460,10658
1460,10683
1460,10694
1460,10707
1460,10733
1460,10745
1460,10758
1460,10768
1460,10792
1460,10807
1460,10824
1460,10839
1460,10854
1460,10871
1460,10886
1460,10901
1460,10918
1460,10935
1460,10952
1460,10968
1460,10985
1460,10995
1460,11017
1460,11027
1460,11042
1459,11061
1460,11074
1460,11089
1460,11110
1460,11123
1460,11139
1460,11160
1460,11173
1460,11186
1460,11198
1460,11219
1460,11233
1459,11248
1460,11269
1460,11297
1553,11318
1460,11331
1460,11344
1460,11359
1460,11380
1460,11392
1460,11408
1460,11419
1460,11455
1460,11467
1460,11477
1460,11505
1460,11522
1460,11534
1460,11554
1460,11571
1454,11583
1460,11593
1460,11618
1460,11630
1460,11646
1460,11665
1460,11680
1460,11690
1460,11713
1460,11727
1460,11739
1460,11750
1460,11776
1460,11789
1460,11801
1460,11817
1460,11838
1459,11851
1460,11870
1460,11888
1460,11900
1460,11917
1459,11927
1460,11937
1460,11963
1460,11975
1460,11985
1459,12012
1460,12025
1459,12034
1460,12059
1460,12072
1460,12079
1460,12087
1459,12095
1460,12102
1460,12110
1460,12118
1459,12125
1460,12133
1460,12141
1460,12148
1460,12156
1460,12164
1460,12172
1460,12178
1460,12184
1460,12190
1460,12197
1460,12203
1460,12209
1553,12214
1460,12216
1460,12226
1460,12237
1460,12245
1459,12252
1460,12260
1460,12266
1460,12272
1460,12278
1460,12283
1460,12289
1460,12294
1460,12300
1460,12305
1460,12311
1460,12316
1460,12322
1460,12327
1460,12333
1460,12338
1460,12344
1460,12349
1460,12355
1460,12360
1460,12366
1460,12371
1460,12376
1460,12381
1460,12386
1460,12391
1460,12396
1460,12400
1460,12405
1460,12410
1460,12415
1460,12420
1459,12425
1460,12430
1460,12435
1460,12440
1460,12444
1460,12449
1460,12454
1460,12459
1460,12464
1460,12468
1460,12473
1460,12478
1459,12482
1460,12487
1460,12491
1460,12496
1460,12500
1460,12505
1460,12509
1460,12514
1460,12518
1460,12522
1460,12527
1460,12531
1460,12536
1460,12540
1460,12544
1460,12548
1460,12551
1460,12555
1460,12558
1460,12562
1460,12566
1460,12569
1460,12573
1460,12576
1460,12580
1459,12584
1460,12587
1460,12591
1460,12594
1460,12598
1460,12601
1460,12604
1460,12607
1460,12611
1460,12614
1460,12617
1460,12620
1460,12623
1460,12626
1460,12629
1460,12632
1460,12635
1460,12638
1460,12641
1460,12643
1460,12646
1460,12649
1459,12652
1460,12654
1460,12657
1460,12660
1459,12662
1460,12665
1460,12667
1460,12670
1460,12673
1460,12675
1460,12678
1460,12681
1460,12683
1460,12686
1460,12688
1460,12691
1460,12693
1460,12696
1460,12698
1459,12700
1460,12703
1460,12705
1460,12707
1460,12709
1460,12711
1460,12714
1460,12716
1460,12718
1460,12720
1460,12723
1460,12725
1553,12725
1460,12727
1460,12731
1460,12734
1460,12738
1460,12742
1460,12746
1460,12749
1460,12752
1460,12754
1460,12757
1460,12760
1460,12762
1460,12765
1460,12767
1553,12769
1460,12770
1460,12772
1459,12775
1460,12777
1460,12779
1460,12782
1460,12784
1460,12786
1460,12789
1460,12791
1460,12793
1460,12796
1459,12798
1460,12800
1460,12803
1460,12805
1460,12807
1460,12810
1460,12812
1460,12814
1459,12816
1460,12819
1460,12821
1460,12823
1460,12826
1459,12828
1460,12830
1460,12833
1460,12835
1460,12837
1460,12840
1460,12842
1460,12844
1460,12847
1460,12849
1460,12851
1460,12853
1460,12856
1460,12858
1460,12860
1460,12863
1460,12865
1460,12867
1460,12870
1460,12872
1460,12874
1460,12876
1460,12879
1460,12881
1460,12883
1460,12885
1460,12888
1460,12890
1460,12892
1460,12894
1460,12897
1553,12897
1460,12899
1460,12901
1460,12904
1460,12906
1460,12908
1460,12911
1460,12913
1460,12915
1460,12917
1460,12920
1460,12922
1460,12924
1460,12926
1460,12929
1460,12931
1460,12933
1460,12936
1460,12938
1460,12940
1460,12942
1460,12945
1460,12947
1460,12949
1460,12951
1460,12954
1460,12956
1460,12958
1460,12960
1460,12963
1460,12965
1460,12967
1460,12969
1460,12972
1460,12974
1460,12976
1460,12978
1460,12981
1460,12983
1460,12985
1460,12987
1460,12990
1460,12992
1460,12994
1460,12996
1460,12999
1460,13001
1460,13003
1460,13006
1460,13008
1460,13010
1460,13012
1460,13015
1460,13017
1460,13019
1460,13021
1460,13023
1460,13026
1460,13028
1460,13030
1460,13032
1460,13035
1460,13037
1460,13039
1460,13041
1460,13043
1460,13044
1460,13046
1460,13048
1460,13050
1460,13051
1460,13053
1460,13055
1460,13057
1460,13059
1460,13060
1460,13062
1459,13064
1460,13066
1460,13067
1460,13069
1460,13071
1460,13073
1460,13074
1460,13076
1460,13078
1460,13080
1460,13082
1460,13083
1460,13085
1460,13087
1460,13090
1460,13093
1460,13096
1460,13099
1460,13102
1460,13105
1460,13108
1460,13111
1460,13114
1460,13116
1460,13119
1460,13122
1460,13125
1460,13128
1460,13131
1460,13134
1460,13137
1460,13139
1460,13142
1460,13144
1460,13146
1460,13148
1460,13151
1460,13153
1460,13155
1460,13157
1454,13159
1460,13162
1460,13164
1460,13166
1459,13168
1460,13170
1460,13173
1460,13175
1460,13177
1460,13179
1460,13182
1460,13184
1459,13186
1460,13188
1460,13190
1460,13193
1460,13195
1460,13197
1460,13199
1460,13202
1460,13204
1460,13206
1460,13208
1460,13210
1460,13213
1460,13215
1460,13217
1460,13219
1460,13222
1460,13224
1460,13226
1460,13229
1460,13235
1460,13237
1459,13240
1460,13242
1460,13246
1460,13248
1460,13251
1460,13253
1460,13255
1460,13257
1460,13259
1460,13262
1460,13264
1460,13267
1460,13269
1460,13271
1460,13273
1460,13276
1460,13278
1460,13280
1460,13282
1460,13284
1460,13287
1460,13289
1460,13291
1460,13293
1460,13295
1460,13298
1460,13300
1460,13302
1460,13304
1460,13307
1460,13309
1460,13311
1460,13313
1460,13315
1460,13318
1460,13320
1460,13322
1460,13324
1460,13327
1460,13329
1460,13331
1460,13333
1460,13335
1460,13339
1460,13341
1460,13347
1460,13349
1460,13353
1460,13357
1460,13359
1460,13361
1460,13364
1460,13366
1460,13368
1459,13370
1460,13373
1460,13375
1460,13377
1460,13379
1460,13381
1460,13384
1460,13386
1459,13388
1460,13390
1460,13392
1460,13395
1460,13397
1460,13399
1460,13401
1460,13404
1460,13407
1459,13409
1460,13411
1460,13413
1459,13416
1460,13418
1460,13420
1460,13421
1460,13423
1460,13425
1460,13428
1460,13433
1460,13434
1460,13436
1460,13438
1460,13440
1460,13442
1460,13443
1460,13445
1460,13447
1460,13449
1460,13451
1460,13452
1460,13458
1459,13462
1460,13464
1460,13466
1460,13471
1460,13474
1460,13477
1460,13480
1460,13483
1460,13486
1460,13489
1460,13492
1460,13495
1460,13498
1459,13501
1460,13504
1553,13506
1460,13507
1460,13511
1460,13514
1460,13516
1459,13519
1460,13521
1460,13523
1460,13525
1460,13528
1460,13530
1460,13532
1460,13534
1460,13536
1460,13539
1460,13541
1460,13543
1460,13545
1460,13548
1460,13550
1460,13552
1460,13554
1460,13556
1460,13559
1460,13561
1460,13563
1460,13565
1460,13567
1460,13570
1460,13572
1460,13574
1460,13576
1460,13579
1460,13581
1460,13583
1460,13585
1460,13587
1460,13590
1460,13593
1460,13599
1460,13601
1460,13603
1460,13606
1460,13608
1460,13611
1460,13613
1460,13615
1460,13617
1460,13619
1460,13622
1460,13624
1460,13626
1460,13628
1460,13631
1460,13633
1460,13635
1460,13637
1460,13641
1460,13643
1553,13647
1460,13649
1460,13651
1460,13654
1553,13655
1460,13656
1460,13658
1460,13660
1460,13663
1460,13665
1460,13667
1460,13669
1460,13671
1460,13674
1460,13676
1460,13678
1460,13680
1460,13683
1460,13685
1553,13689
1459,13692
1460,13694
1460,13698
1460,13701
1460,13703
1460,13705
1460,13707
1460,13710
1460,13715
1459,13717
1460,13719
1460,13722
1459,13724
1460,13726
1460,13728
1460,13730
1460,13733
1460,13736
1460,13738
1460,13741
1460,13743
1460,13745
1460,13747
1460,13750
1460,13752
1460,13754
1460,13756
1460,13758
1460,13761
1460,13763
1460,13765
1460,13767
1460,13769
1460,13772
1460,13774
1460,13776
1460,13778
1460,13781
1460,13783
1460,13785
1460,13787
1460,13789
1460,13792
1460,13795
1460,13797
1460,13799
1460,13801
1460,13803
1460,13806
1460,13808
1460,13813
1460,13815
1460,13817
1459,13820
1460,13827
1460,13828
1460,13830
1460,13832
1460,13834
1460,13836
1460,13837
1460,13839
1460,13843
1460,13844
1460,13848
1460,13851
1460,13854
1460,13857
1460,13860
1460,13863
1460,13865
1460,13868
1453,13871
1460,13874
1460,13877
1460,13880
1460,13883
1460,13886
1460,13889
1460,13892
1460,13895
1460,13898
1460,13900
1460,13902
1460,13905
1460,13907
1460,13909
1553,13910
1460,13911
1460,13914
1460,13916
1460,13918
1460,13920
1460,13922
1553,13923
1460,13925
1460,13927
1460,13929
1460,13931
1460,13934
1460,13936
1460,13938
1460,13940
1460,13942
1460,13945
1460,13947
1460,13949
1460,13951
1460,13953
1460,13956
1460,13958
1460,13960
1460,13963
1459,13965
1460,13968
1460,13970
1460,13976
1460,13978
1460,13980
1460,13984
1460,13987
1460,13992
1460,13994
1460,13999
1460,14001
1460,14003
1460,14005
1460,14008
1460,14016
1460,14018
1460,14021
1460,14023
1460,14025
1460,14027
1460,14030
1460,14032
1460,14034
1460,14036
1460,14038
1459,14041
1460,14043
1460,14045
1460,14047
1460,14050
1460,14052
1460,14054
1460,14056
1459,14059
1460,14061
1460,14063
1460,14065
1452,14068
1460,14070
1460,14072
1460,14074
1460,14077
1460,14079
1460,14081
1460,14083
1460,14085
1460,14088
1460,14090
1460,14092
1460,14094
1460,14097
1460,14099
1460,14101
1460,14103
1460,14105
1460,14108
1460,14110
1460,14113
1460,14115
1460,14120
1460,14122
1460,14124
1460,14129
1460,14132
1460,14134
1460,14136
1460,14139
1460,14146
1460,14148
1459,14150
1460,14152
1460,14154
1460,14157
1460,14159
1460,14161
1460,14163
1460,14165
1460,14168
1460,14170
1460,14173
1460,14175
1460,14177
1460,14179
1460,14182
1460,14184
1460,14186
1460,14188
1460,14190
1460,14193
1460,14195
1460,14197
1460,14198
1460,14200
1460,14204
1460,14205
1460,14207
1553,14209
1459,14211
1460,14213
1460,14215
1460,14217
1460,14218
1460,14220
1460,14224
1460,14226
1460,14231
1460,14233
1460,14238
1460,14240
1460,14241
1460,14247
1460,14250
1460,14253
1460,14256
1460,14258
1460,14261
1460,14264
1460,14267
1460,14273
1460,14276
1460,14279
1459,14282
1460,14285
1460,14288
1460,14291
1460,14293
1460,14296
1460,14299
1460,14301
1460,14303
1460,14305
1460,14307
1460,14310
1460,14312
1460,14314
1460,14316
1460,14319
1460,14321
1460,14323
1460,14325
1460,14327
1460,14330
1460,14332
1460,14334
1460,14336
1460,14338
1460,14341
1460,14343
1460,14345
1459,14347
1460,14349
1459,14352
1460,14354
1460,14356
1460,14358
1460,14360
1460,14363
1460,14365
1460,14367
1460,14369
1460,14372
1460,14374
1460,14376
1460,14378
1460,14387
1460,14389
1460,14391
1460,14393
1460,14396
1460,14401
1460,14403
1460,14405
1460,14407
1460,14410
1460,14412
1460,14415
1460,14417
1460,14419
1460,14424
1460,14426
1460,14429
1460,14431
1460,14434
1460,14436
1459,14438
1460,14440
1553,14448
1460,14451
1460,14453
1460,14455
1460,14457
1460,14459
1460,14462
1460,14464
1460,14466
1460,14468
1460,14470
1460,14473
1460,14475
1460,14477
1460,14479
1460,14481
1460,14484
1460,14486
1460,14488
1460,14490
1460,14493
1460,14495
1460,14497
1460,14499
1460,14501
1460,14504
1460,14506
1460,14508
1460,14510
1460,14512
1460,14515
1460,14517
1460,14519
1460,14521
1460,14523
1460,14526
1460,14528
1460,14530
1460,14532
1460,14543
1460,14545
1460,14547
1460,14550
1460,14552
1460,14554
1460,14556
1460,14559
1459,14561
1460,14563
1460,14565
1460,14567
1460,14570
1460,14572
1460,14574
1460,14576
1454,14578
1460,14581
1460,14583
1460,14585
1460,14587
1460,14589
1460,14592
1460,14594
1460,14596
1460,14598
1460,14600
1460,14602
1460,14604
1460,14608
1460,14610
1460,14612
1460,14617
1460,14619
1460,14621
1460,14622
1460,14624
1460,14626
1460,14628
1460,14629
1460,14631
1460,14633
1460,14635
1460,14637
1460,14639
1460,14645
1460,14648
1460,14651
1460,14654
1459,14657
1459,14660
1460,14663
1460,14666
1460,14669
1460,14672
1460,14675
1460,14678
1460,14681
1460,14684
1460,14687
1460,14689
1460,14692
1460,14695
1460,14698
1460,14700
1460,14702
1460,14704
1460,14706
1553,14707
1460,14709
1460,14711
1460,14713
1460,14715
1460,14717
1460,14720
1460,14722
1460,14724
1460,14726
1460,14728
1460,14731
1460,14733
1460,14735
1460,14737
1460,14739
1460,14741
1460,14744
1460,14746
1460,14748
1460,14750
1460,14752
1460,14755
1460,14757
1459,14759
1459,14761
1460,14763
1460,14765
1460,14768
1460,14770
1460,14772
1460,14774
1460,14776
1460,14778
1460,14781
1459,14783
1460,14785
1460,14787
1460,14789
1460,14791
1460,14794
1460,14796
1459,14798
1460,14800
1460,14802
1460,14805
1460,14807
1460,14809
1460,14811
1460,14813
1460,14815
1460,14818
1460,14820
1460,14822
1460,14824
1460,14826
1460,14828
1460,14830
1460,14833
1460,14835
1460,14837
1460,14839
1460,14841
1460,14843
1460,14845
1460,14848
1460,14850
1460,14852
1460,14854
1460,14856
1460,14858
1460,14860
1460,14862
1460,14865
1460,14867
1454,14869
1460,14871
1460,14873
1460,14875
1460,14877
1460,14879
1460,14881
1460,14884
1460,14886
1460,14888
1460,14890
1460,14892
1460,14894
1460,14896
1460,14898
1460,14900
1460,14902
1460,14904
1460,14906
1460,14908
1459,14910
1460,14912
1460,14915
1460,14917
1460,14919
1460,14921
1459,14923
1460,14925
1460,14927
1460,14929
1460,14931
1460,14933
1460,14935
1460,14937
1460,14939
1460,14941
1460,14943
1460,14945
1459,14947
1460,14949
1460,14951
1460,14953
1460,14955
1460,14957
1460,14960
1460,14962
1460,14964
1460,14966
1553,14966
1460,14968
1460,14970
1460,14972
1460,14974
1460,14976
1460,14978
1460,14980
1460,14982
1460,14984
1460,14986
1460,14987
1460,14989
1460,14991
1460,14992
1460,14994
1460,14995
1460,14997
1460,14999
1459,15000
1460,15002
1460,15004
1460,15005
1460,15007
1460,15008
1460,15010
1460,15012
1459,15013
1460,15015
1460,15016
1460,15018
1460,15020
1460,15021
1460,15023
1460,15024
1553,15025
1459,15026
1460,15028
1460,15029
1460,15031
1459,15032
1460,15035
1460,15038
1460,15040
1460,15043
1460,15046
1460,15048
1459,15051
1460,15053
1460,15056
1460,15059
1460,15061
1460,15064
1460,15066
1460,15069
1460,15071
1460,15074
1553,15074
1460,15076
1460,15079
1460,15082
1460,15084
1460,15086
1460,15088
1460,15090
1460,15092
1460,15094
1460,15096
1460,15097
1460,15099
1459,15101
1460,15103
1460,15105
1460,15107
1460,15109
1460,15111
1460,15113
1553,15114
1460,15115
1460,15117
1460,15118
1460,15120
1460,15122
1460,15124
1460,15126
1460,15128
1460,15130
1460,15134
1460,15136
1552,15138
1459,15140
1460,15142
1460,15145
1460,15147
1460,15149
1460,15151
1460,15153
1460,15157
1460,15159
1460,15161
1460,15162
1460,15164
1459,15174
1460,15178
1460,15179
1459,15181
1460,15183
1460,15185
1460,15187
1460,15189
1460,15191
1460,15193
1460,15195
1460,15197
1460,15199
1460,15200
1553,15202
1460,15202
1460,15204
1460,15206
1460,15208
1460,15210
1460,15212
1460,15214
1460,15216
1460,15220
1460,15222
1460,15224
1460,15226
1460,15228
1460,15230
1460,15231
1460,15233
1460,15235
1460,15237
1460,15239
1460,15241
1460,15243
1460,15245
1460,15247
1460,15249
1460,15251
1460,15252
1460,15254
1460,15256
1460,15258
1460,15260
1460,15262
1460,15264
1460,15266
1460,15269
1459,15271
1460,15272
1460,15274
1460,15276
1460,15278
1460,15280
1460,15282
1460,15284
1460,15286
1460,15288
1460,15293
1460,15295
1460,15297
1460,15299
1460,15309
1460,15311
1460,15313
1460,15315
1460,15317
1460,15318
1460,15320
1460,15322
1460,15324
1460,15326
1553,15327
1460,15328
1460,15330
1460,15333
1460,15335
1460,15337
1460,15339
1460,15341
1460,15343
1460,15346
1460,15348
1460,15349
1460,15351
1553,15353
1460,15353
1460,15355
1460,15357
1460,15359
1460,15361
1460,15363
1460,15365
1460,15367
1460,15369
1459,15370
1460,15372
1460,15374
1460,15376
1460,15378
1460,15379
1460,15381
1460,15382
1460,15385
1460,15386
1460,15388
1460,15389
1553,15391
1460,15393
1460,15395
1460,15396
1460,15398
1459,15399
1460,15402
1460,15403
1460,15405
1460,15406
1460,15408
1460,15409
1459,15411
1460,15412
1460,15417
1460,15419
1460,15422
1460,15423
1460,15425
1460,15428
1460,15430
1460,15433
1460,15435
1460,15438
1460,15440
1460,15443
1460,15445
1460,15448
1460,15451
1460,15453
1460,15456
1460,15458
1460,15461
1460,15463
1460,15466
1460,15468
1460,15471
1460,15473
1460,15475
1460,15477
1460,15479
1460,15481
1460,15483
1460,15485
1460,15487
1460,15489
1460,15491
1460,15493
1460,15494
1460,15496
1460,15498
1460,15500
1460,15502
1460,15504
1459,15506
1460,15508
1460,15510
1460,15512
1460,15517
1460,15519
1460,15521
1460,15523
1460,15525
1460,15527
1460,15529
1459,15531
1460,15533
1460,15535
1460,15537
1460,15538
1460,15540
1460,15542
1460,15544
1460,15546
1460,15548
1460,15550
1460,15552
1460,15554
1460,15556
1460,15558
1460,15559
1460,15561
1460,15563
1460,15565
1460,15567
1460,15569
1460,15571
1460,15574
1459,15576
1460,15578
1460,15579
1460,15581
1460,15583
1460,15585
1460,15587
1460,15589
1460,15591
1460,15594
1460,15596
1460,15598
1460,15600
1460,15602
1459,15603
1460,15605
1460,15607
1460,15609
1460,15611
1460,15613
1460,15615
1460,15617
1460,15620
1460,15623
1460,15627
1460,15629
1460,15631
1460,15640
1460,15642
1459,15644
1460,15646
1460,15648
1460,15650
1460,15652
1460,15654
1460,15656
1460,15658
1460,15660
1460,15661
1460,15663
1460,15665
1460,15667
1460,15669
1459,15671
1460,15673
1460,15675
1460,15677
1460,15679
1460,15689
1460,15691
1460,15693
1460,15695
1460,15697
1460,15699
1460,15701
1460,15703
1460,15705
1460,15707
1460,15709
1460,15711
1460,15712
1460,15714
1460,15716
1460,15718
1459,15720
1460,15722
1460,15724
1460,15726
1460,15728
1460,15730
1460,15732
1460,15733
1460,15735
1460,15737
1460,15739
1460,15741
1460,15743
1460,15745
1460,15747
1460,15749
1460,15751
1460,15753
1460,15754
1460,15756
1460,15758
1460,15760
1460,15762
1460,15764
1460,15766
1460,15767
1460,15769
1460,15770
1460,15772
1460,15773
1460,15775
1460,15776
1460,15778
1459,15779
1460,15782
1460,15785
1460,15786
1460,15788
1460,15789
1460,15792
1460,15794
1460,15796
1460,15799
1460,15801
1460,15802
1460,15804
1460,15807
1460,15808
1460,15811
1460,15818
1460,15820
1460,15827
1460,15830
1459,15832
1460,15835
1460,15837
1460,15840
1460,15843
1460,15845
1460,15848
1460,15850
1460,15853
1460,15855
1460,15858
1460,15860
1460,15863
1460,15865
1460,15867
1460,15869
1460,15871
1460,15872
1460,15874
1460,15876
1460,15878
1460,15880
1460,15882
1460,15884
1460,15886
1460,15888
1460,15890
1460,15892
1460,15894
1459,15895
1460,15897
1460,15899
1460,15901
1460,15903
1460,15905
1460,15907
1460,15909
1460,15911
1460,15913
1460,15915
1460,15916
1460,15918
1460,15920
1460,15922
1460,15924
1460,15926
1460,15928
1460,15930
1460,15932
1460,15934
1460,15935
1460,15937
1460,15939
1460,15941
1460,15943
1459,15945
1460,15947
1460,15949
1460,15951
1460,15953
1460,15954
1460,15956
1460,15958
1460,15962
1455,15965
1460,15968
1460,15970
1460,15975
1460,15976
1460,15978
1460,15980
1460,15982
1460,15984
1460,15999
1460,16001
1460,16003
1460,16005
1460,16007
1460,16009
1460,16011
1459,16013
1460,16015
1460,16017
1460,16018
1460,16020
1460,16022
1460,16024
1460,16026
1460,16028
1460,16030
1460,16032
1553,16033
1460,16034
1460,16036
1460,16037
1460,16039
1460,16041
1460,16043
1459,16045
1460,16047
1460,16049
1460,16051
1460,16053
1460,16055
1460,16056
1460,16058
1460,16060
1460,16062
1460,16064
1460,16066
1460,16068
1460,16070
1460,16072
1460,16074
1460,16075
1460,16077
1460,16079
1460,16081
1460,16087
1460,16089
1460,16091
1460,16093
1460,16095
1460,16097
1460,16099
1460,16101
1460,16103
1460,16104
1460,16106
1460,16108
1460,16111
1460,16113
1460,16115
1460,16117
1460,16119
1460,16121
1460,16124
1460,16126
1460,16128
1460,16130
1460,16138
1460,16140
1460,16142
1460,16144
1460,16145
1460,16147
1460,16149
1460,16151
1460,16153
1460,16155
1460,16156
1460,16158
1460,16159
1460,16161
1460,16167
1460,16168
1460,16170
1459,16171
1460,16173
1460,16174
1460,16176
1460,16177
1460,16179
1460,16180
1460,16182
1460,16183
1459,16185
1460,16186
1460,16192
1460,16194
1460,16196
1460,16197
1460,16207
1460,16211
1459,16214
1460,16216
1460,16219
1460,16221
1460,16224
1460,16226
1460,16229
1460,16231
1460,16234
1460,16236
1460,16239
1460,16242
1460,16244
1460,16247
1460,16249
1460,16252
1460,16254
1460,16257
1460,16259
1460,16262
1460,16264
1460,16266
1460,16268
1459,16270
1460,16272
1460,16274
1460,16276
1460,16278
1460,16280
1460,16281
1460,16283
1460,16285
1460,16287
1460,16289
1460,16291
1460,16293
1460,16295
1460,16297
1460,16299
1460,16300
1460,16302
1460,16304
1460,16306
1460,16308
1460,16310
1460,16312
1460,16314
1460,16316
1460,16318
1460,16319
1459,16321
1460,16323
1460,16325
1460,16327
1460,16329
1460,16331
1460,16333
1460,16335
1460,16337
1459,16339
1460,16341
1460,16345
1553,16345
1460,16347
1460,16349
1460,16351
1460,16353
1460,16354
1460,16356
1460,16358
1460,16360
1460,16362
1460,16364
1460,16366
1460,16368
1460,16370
1460,16372
1460,16373
1460,16375
1460,16377
1460,16379
1460,16381
1460,16383
1460,16385
1460,16387
1460,16389
1460,16391
1460,16392
1460,16394
1460,16396
1460,16398
1460,16400
1459,16402
1460,16404
1460,16406
1460,16408
1460,16410
1460,16411
1460,16413
1460,16415
1460,16417
1460,16421
1460,16428
1460,16430
1460,16432
1460,16434
1460,16437
1460,16439
1460,16451
1460,16461
1460,16463
1459,16465
1460,16467
1460,16469
1460,16470
1460,16472
1460,16474
1460,16476
1460,16478
1460,16480
1460,16482
1460,16484
1460,16486
1460,16488
1553,16489
1460,16489
1460,16491
1460,16493
1460,16495
1460,16497
1460,16499
1459,16501
1460,16503
1460,16505
1460,16507
1460,16508
1460,16510
1460,16512
1460,16514
1460,16516
1460,16518
1460,16520
1460,16522
1460,16524
1460,16526
1459,16527
1460,16529
1460,16531
1460,16533
1460,16535
1460,16537
1460,16539
1460,16541
1460,16543
1460,16545
1460,16546
1460,16548
1460,16550
1460,16552
1460,16554
1460,16556
1460,16558
1460,16560
1460,16562
1460,16563
1460,16565
1460,16566
1460,16568
1460,16569
1460,16571
1460,16577
1460,16578
1460,16580
1460,16584
1460,16588
1460,16589
1460,16591
1460,16595
1460,16599
1460,16601
1460,16602
1460,16604
1460,16608
1460,16611
1460,16613
1460,16616
1460,16618
1460,16621
1460,16623
1460,16626
1460,16629
1460,16631
1460,16634
1460,16636
1460,16639
1460,16641
1459,16644
1460,16646
1460,16649
1460,16651
1460,16654
1460,16656
1460,16659
1553,16661
1460,16661
1460,16668
1460,16670
1460,16672
1460,16674
1460,16676
1459,16678
1460,16679
1460,16681
1460,16683
1460,16685
1460,16687
1460,16689
1460,16691
1460,16693
1460,16695
1460,16697
1460,16698
1460,16700
1460,16702
1460,16704
1460,16706
1460,16708
1460,16710
1460,16712
1460,16714
1460,16716
1460,16717
1460,16719
1460,16721
1460,16723
1459,16725
1460,16727
1460,16729
1460,16731
1460,16733
1460,16735
1553,16735
1460,16736
1460,16738
1460,16740
1460,16743
1460,16745
1460,16747
1460,16748
1460,16750
1460,16752
1460,16754
1460,16756
1460,16763
1460,16765
1460,16767
1459,16770
1460,16775
1460,16777
1460,16779
1460,16781
1460,16784
1460,16786
1460,16787
1460,16792
1460,16794
1460,16795
1460,16797
1459,16799
1460,16801
1460,16803
1460,16805
1460,16807
1460,16809
1460,16811
1460,16813
1460,16814
1460,16816
1460,16818
1460,16820
1460,16822
1460,16826
1460,16828
1460,16829
1460,16831
1460,16833
1460,16835
1460,16837
1460,16839
1460,16846
1460,16848
1459,16850
1460,16852
1460,16854
1460,16856
1460,16858
1460,16860
1460,16862
1460,16864
1460,16865
1460,16867
1460,16869
1460,16871
1460,16873
1460,16875
1460,16877
1460,16879
1553,16879
1460,16881
1460,16883
1460,16886
1460,16888
1460,16891
1460,16897
1460,16899
1460,16901
1459,16903
1460,16905
1460,16907
1460,16909
1460,16911
1460,16913
1460,16915
1460,16917
1460,16918
1460,16922
1460,16923
1460,16925
1459,16927
1460,16929
1460,16931
1460,16933
1460,16935
1460,16937
1460,16939
1460,16941
1460,16942
1460,16944
1460,16946
1460,16948
1460,16950
1460,16953
1460,16955
1460,16963
1460,16965
1460,16966
1460,16968
1460,16970
1459,16971
1460,16973
1553,16973
1458,16974
1460,16976
1460,16984
1460,16985
1460,16987
1460,16988
1460,16990
1460,16991
1460,16993
1460,16994
1460,16996
1460,16997
1460,16999
1460,17000
1460,17002
1460,17016
1460,17026
1460,17042
1460,17045
1460,17047
1460,17050
1459,17052
1460,17055
1460,17057
1460,17059
1460,17060
1460,17062
1460,17064
1460,17066
1460,17068
1460,17070
1460,17072
1460,17074
1460,17076
1460,17078
1460,17079
1460,17081
1460,17083
1460,17085
1460,17087
1459,17089
1460,17091
1460,17093
1460,17095
1460,17097
1460,17098
1459,17100
1460,17102
1460,17104
1460,17106
1460,17108
1460,17110
1460,17112
1460,17114
1460,17115
1460,17117
1460,17119
1460,17121
1460,17123
1460,17125
1460,17127
1460,17128
1459,17130
1460,17132
1460,17134
1460,17136
1460,17138
1459,17140
1460,17141
1460,17143
1460,17145
1460,17147
1460,17149
1460,17151
1460,17153
1460,17155
1460,17156
1460,17158
1459,17160
1460,17162
1460,17164
1460,17166
1460,17171
1460,17175
1460,17177
1460,17179
1460,17182
1460,17186
1460,17188
1460,17190
1460,17192
1460,17197
1460,17199
1460,17201
1460,17202
1460,17204
1460,17206
1459,17213
1460,17215
1460,17217
1460,17219
1460,17220
1460,17222
1460,17224
1460,17226
1460,17228
1460,17230
1460,17232
1460,17233
1460,17235
1460,17237
1460,17239
1460,17241
1460,17243
1460,17245
1460,17247
1460,17248
1460,17250
1460,17252
1459,17254
1460,17256
1460,17258
1460,17260
1460,17261
1460,17263
1460,17265
1460,17267
1460,17269
1460,17271
1460,17273
1460,17274
1460,17276
1460,17278
1460,17280
1460,17282
1460,17284
1460,17286
1460,17288
1460,17298
1460,17300
1460,17302
1460,17304
1460,17308
1460,17310
1460,17312
1460,17314
1460,17316
1460,17317
1460,17319
1460,17321
1460,17323
1460,17330
1460,17331
1460,17333
1460,17335
1460,17337
1460,17339
1460,17341
1460,17343
1460,17345
1460,17347
1460,17348
1460,17350
1460,17351
1460,17355
1460,17357
1460,17358
1460,17360
1460,17361
1460,17363
1460,17364
1460,17366
1460,17367
1460,17370
1460,17372
1460,17373
1460,17375
1460,17376
1460,17378
1460,17379
1460,17387
1460,17388
1460,17390
1460,17391
1459,17393
1460,17395
1460,17398
1460,17400
1460,17403
1460,17405
1460,17408
1460,17410
1460,17413
1459,17415
1460,17418
1460,17420
1460,17423
1460,17425
1460,17428
1460,17430
1460,17433
1460,17435
1460,17437
1460,17440
1459,17442
1460,17444
1460,17446
1460,17447
1460,17449
1460,17451
1460,17453
1460,17455
1460,17457
1460,17458
1460,17460
1460,17462
1460,17464
1460,17466
1460,17468
1460,17470
1460,17471
1460,17473
1460,17475
1460,17477
1458,17479
1460,17481
1460,17483
1460,17484
1460,17486
1460,17488
1460,17490
1460,17492
1460,17494
1460,17499
1460,17501
1460,17503
1460,17504
1460,17506
1460,17509
1460,17511
1457,17513
1460,17515
1460,17517
1460,17518
1460,17520
1454,17522
1460,17529
1460,17531
1460,17533
1460,17535
1460,17545
1460,17548
1460,17550
1460,17552
1460,17554
1460,17556
1460,17558
1460,17560
1460,17561
1460,17563
1460,17565
1460,17567
1460,17569
1460,17571
1460,17573
1460,17574
1553,17575
1460,17576
1460,17578
1460,17580
1459,17582
1460,17584
1460,17586
977,17587
1233,17596
1388,17613
0,17628
1253,17629
0,17639
1388,17646
1276,17663
1388,17679
1292,17696
1388,17713
1388,17724
42,17735
1388,17746
0,17756
1388,17757
17,17768
1388,17779
1388,17791
114,17802
1388,17813
0,17823
1388,17824
367,17835
1388,17846
1388,17857
115,17868
1388,17879
1388,17891
272,17902
1388,17913
1388,17924
179,17935
1388,17946
1388,17957
329,17968
1388,17979
1388,17991
468,18002
0,18012
1388,18013
1388,18024
342,18035
1388,18046
1388,18057
275,18068
0,18078
1388,18079
1388,18091
739,18102
1388,18113
1388,18124
474,18135
1388,18146
1388,18157
546,18168
1388,18179
1388,18191
646,18202
1388,18213
1388,18224
700,18235
1388,18246
1388,18257
1481,18266
603,18268
1388,18279
1388,18291
857,18302
1388,18313
1388,18324
763,18335
1388,18346
1388,18357
902,18368
0,18378
0,18379
1388,18379
1388,18391
935,18402
1388,18413
1388,18424
1224,18435
1388,18446
1388,18454
1388,18463
57,18471
1388,18479
1388,18491
978,18502
1388,18513
1388,18524
1215,18535
1388,18546
1388,18557
1281,18568
0,18578
0,18578
1388,18579
1481,18586
1388,18588
1388,18598
61,18604
1388,18613
1388,18624
1317,18635
1388,18646
1388,18657
1361,18668
1388,18679
0,18689
1388,18691
921,18702
1388,18713
1388,18724
1196,18735
1388,18746
1388,18757
1180,18768
1388,18779
1388,18791
1169,18802
1388,18813
1388,18824
0,18834
0,18835
925,18835
1388,18846
1388,18857
1345,18868
1388,18879
1388,18891
1355,18902
1388,18913
1388,18924
1481,18929
979,18935
1388,18947
1388,18957
753,18968
1388,18979
1388,18991
899,19002
1388,19013
1388,19024
841,19035
1388,19046
1388,19057
929,19068
1388,19079
1388,19091
809,19102
1388,19113
1388,19124
1025,19135
1388,19146
1388,19157
1217,19168
1388,19179
1388,19191
1088,19202
1388,19213
1388,19224
1356,19235
1388,19246
1388,19257
1369,19268
1388,19279
1388,19288
1388,19296
153,19304
1388,19313
1388,19321
1388,19329
335,19338
1388,19346
1388,19354
1388,19363
218,19371
1388,19379
1388,19388
1388,19396
210,19404
1388,19413
1388,19421
1388,19429
11,19438
1388,19446
1388,19454
1388,19463
411,19471
1388,19479
1388,19488
1388,19496
504,19504
1388,19513
1388,19521
1388,19529
766,19538
1388,19546
1388,19554
1388,19563
1033,19571
1388,19579
1388,19588
1388,19596
886,19604
1388,19613
1388,19621
1388,19629
700,19638
1388,19646
1388,19654
1388,19663
638,19671
1388,19679
1388,19688
1388,19696
188,19704
1388,19713
1388,19721
1388,19729
236,19738
1388,19746
0,19756
1388,19757
1269,19768
1388,19779
1388,19791
1308,19802
1388,19813
1388,19824
0,19834
1053,19835
1388,19846
1388,19857
1237,19868
1388,19879
1388,19891
1200,19902
1388,19913
1388,19924
861,19935
1388,19946
1388,19957
732,19968
1388,19979
1388,19991
