777,1065
0,1075
962,1097
0,1107
1116,1130
1298,1163
0,1173
0,1195
1344,1197
1243,1230
817,1263
0,1293
0,1293
957,1297
967,1330
1145,1363
319,1397
0,1428
1386,1430
1386,1433
1386,1436
1386,1438
1388,1441
1388,1444
1388,1447
1388,1449
1388,1452
1388,1455
1388,1458
791,1461
1388,1463
1388,1465
1388,1467
1388,1470
1388,1472
1388,1474
1388,1476
1388,1478
1388,1480
1388,1482
1388,1484
1388,1486
1388,1488
1388,1490
1388,1492
99,1495
1388,1497
1388,1499
1388,1501
1388,1503
1388,1505
1388,1507
1388,1509
1388,1511
1388,1513
1399,1515
1388,1517
1388,1519
1388,1520
1388,1522
1388,1524
1388,1526
962,1528
1388,1531
1388,1532
1388,1534
1460,1539
1324,1541
1388,1542
1401,1545
1460,1547
1460,1549
1460,1551
1460,1553
1460,1555
1460,1557
1460,1559
1460,1564
1460,1565
376,1566
1388,1566
1388,1570
1388,1572
1388,1574
1388,1577
1388,1580
1388,1583
1388,1586
1388,1588
1388,1591
281,1594
1388,1597
998,1613
1388,1630
1388,1633
1388,1635
1388,1638
1388,1640
1388,1643
1388,1645
1388,1648
1388,1651
1388,1653
1388,1656
1388,1658
711,1661
1388,1663
1388,1665
1388,1666
1388,1668
1388,1669
1388,1671
1388,1672
1388,1673
1388,1675
1388,1676
1388,1678
1388,1679
1388,1681
1388,1682
1388,1684
1388,1685
1388,1687
1388,1688
1388,1689
1388,1691
1388,1692
1388,1694
322,1695
1388,1697
1388,1698
1388,1699
1460,1703
1460,1704
1460,1705
1460,1711
1460,1712
1460,1713
1460,1719
1460,1720
1460,1720
1460,1727
1460,1727
1460,1731
1460,1732
1460,1732
1460,1735
1460,1736
1460,1737
1401,1741
1460,1742
1460,1742
1460,1743
1460,1744
1459,1745
1460,1746
1460,1747
1460,1750
1460,1750
1460,1751
1460,1754
1460,1755
1460,1755
1460,1758
1460,1759
1460,1762
1460,1763
1460,1763
1460,1768
1460,1769
1460,1769
1460,1776
1460,1776
1459,1777
1460,1783
1460,1784
1460,1785
1460,1790
1460,1791
1460,1795
1460,1796
1460,1797
1460,1800
1460,1800
1460,1801
1460,1806
1460,1806
1460,1807
1460,1808
1460,1809
1460,1810
1460,1813
1460,1814
1460,1814
1460,1815
1460,1816
1460,1819
1460,1819
1460,1820
1460,1825
1459,1826
1460,1826
1460,1831
1460,1832
1460,1833
1460,1839
1460,1840
1460,1840
1460,1847
1460,1847
1460,1848
1460,1850
1460,1851
1460,1859
1460,1859
1460,1860
1460,1863
1460,1864
1460,1864
1460,1869
1460,1870
1455,1870
1460,1872
1460,1872
1460,1873
1460,1876
1460,1877
1460,1877
1460,1878
1460,1879
1460,1879
1460,1882
1460,1883
1460,1888
1460,1889
1460,1890
1460,1894
1460,1895
1460,1896
1460,1902
1460,1903
1460,1903
1460,1910
1460,1910
1460,1911
1460,1913
1460,1914
1460,1915
1460,1922
1460,1922
1460,1926
1456,1927
1460,1928
1460,1932
1460,1933
1460,1933
1460,1935
1460,1935
1460,1936
1460,1939
1460,1940
1460,1940
1460,1941
1460,1942
1460,1942
1460,1945
1460,1946
1460,1946
1460,1952
1460,1952
1460,1958
1460,1958
1460,1959
1459,1965
1460,1966
1460,1967
1459,1973
1460,1974
1460,1974
1460,1977
1460,1977
1460,1978
1460,1982
1460,1983
1460,1990
1460,1990
1460,1991
1460,1995
1460,1996
1460,1997
1460,1998
1460,1999
1460,1999
1460,2000
1460,2002
1460,2003
1460,2004
1460,2004
1459,2006
1460,2006
1460,2007
1460,2010
1460,2010
1460,2011
1460,2021
1460,2021
1460,2022
1460,2029
1460,2029
1460,2030
1459,2036
1460,2037
1460,2037
840,2040
848,2083
696,2101
0,2123
0,2126
977,2130
947,2163
902,2197
0,2213
0,2228
856,2230
1271,2263
1345,2297
0,2326
0,2327
1388,2330
85,2347
1388,2363
208,2380
1388,2397
44,2413
1388,2430
0,2447
192,2447
1388,2463
0,2473
0,2477
158,2480
1388,2497
272,2513
1388,2530
0,2540
141,2547
1388,2563
506,2580
0,2595
1388,2597
0,2607
535,2613
1388,2630
505,2647
0,2662
1388,2663
0,2679
577,2680
0,2690
1388,2697
0,2707
0,2707
571,2713
1388,2730
765,2747
1388,2763
737,2780
1388,2797
0,2807
0,2810
886,2813
1388,2835
905,2847
1388,2868
943,2880
1460,2923
747,2925
1388,2935
0,2945
1275,2956
1388,2966
0,2976
1460,2998
1205,2999
1329,3029
1388,3031
1460,3086
1459,3088
1459,3098
1368,3108
1460,3161
1460,3163
1459,3164
1460,3174
1460,3184
1460,3227
1460,3237
1460,3247
1460,3311
1460,3321
1452,3331
1460,3394
1460,3405
1460,3416
1460,3467
1459,3478
1460,3488
1460,3555
1460,3565
1460,3575
1479,3638
1460,3650
1460,3659
1460,3722
1460,3731
1460,3741
1460,3751
1460,3801
1460,3811
1460,3874
1460,3884
1460,3952
1479,3962
1460,3963
1460,3973
1460,3983
1460,4027
1460,4061
1460,4070
1460,4080
1460,4090
1460,4144
1460,4154
1460,4164
1460,4227
1460,4237
1460,4247
1460,4300
1460,4316
1460,4332
1460,4388
1460,4398
1460,4408
1460,4452
1460,4462
1460,4472
1459,4536
1460,4546
1460,4556
1460,4609
1460,4625
1460,4639
1460,4654
1460,4697
1460,4727
1460,4737
1460,4747
1460,4810
1460,4820
1459,4830
1460,4883
1460,4899
1460,4913
1460,4928
1460,4972
1460,5002
1460,5012
1460,5022
1460,5085
1460,5095
1460,5105
1460,5158
1460,5175
1460,5185
1460,5195
1481,5246
1460,5263
1460,5280
1460,5290
1460,5300
1460,5363
1460,5373
1460,5383
1460,5441
1460,5451
1460,5473
1460,5529
1460,5539
1460,5549
1460,5571
1459,5581
1483,5659
1460,5669
1460,5679
1460,5742
1460,5764
1460,5786
1460,5816
1459,5826
1460,5875
1460,5885
1460,5895
1460,5958
1460,5968
1460,5978
1460,6041
1460,6063
1460,6085
1460,6114
1460,6124
1460,6173
1460,6183
1460,6193
1460,6256
1460,6266
1460,6276
1460,6339
1460,6361
1460,6383
1460,6413
1460,6423
1460,6472
1460,6482
1460,6492
1460,6538
1460,6548
1460,6558
1483,6621
1460,6631
1460,6641
1460,6704
1460,6726
1460,6747
1460,6777
1460,6787
1459,6836
1460,6846
1460,6856
1460,6919
1460,6929
1460,6939
1460,7002
1460,7031
1460,7060
1460,7089
1460,7119
1460,7129
1460,7139
1460,7187
1460,7197
1460,7219
1460,7275
1460,7285
1460,7295
1460,7317
1460,7327
1460,7368
1460,7378
1460,7415
1460,7425
1460,7435
1460,7498
1460,7508
1460,7518
1460,7572
1460,7587
1460,7607
1460,7660
1460,7670
1460,7680
1460,7743
1455,7753
1460,7763
1460,7826
1460,7846
1460,7866
1460,7904
1460,7919
1460,7929
1460,7992
1460,8002
1460,8012
1460,8075
1460,8085
1459,8095
1460,8148
1460,8168
1460,8188
1460,8237
1460,8247
1460,8257
1460,8320
1460,8330
1460,8340
1460,8403
1460,8425
1460,8447
1460,8476
1460,8498
1460,8535
1460,8545
1460,8555
1460,8618
1460,8628
1460,8638
1460,8701
1459,8730
1460,8759
1460,8784
1460,8799
1460,8847
1460,8857
1460,8867
1460,8930
1460,8940
1460,8950
1487,9014
1460,9036
1460,9058
1460,9102
1460,9112
1460,9122
1460,9175
1460,9185
1460,9195
1460,9205
1460,9258
1459,9276
1460,9295
1460,9305
1460,9315
1460,9356
1460,9366
1460,9384
1460,9429
1460,9439
1460,9449
1460,9512
1460,9522
1460,9532
1460,9596
1460,9613
1460,9631
1460,9669
1460,9687
1459,9719
1460,9729
1460,9739
1460,9789
1460,9799
1460,9809
1460,9873
1460,9883
1460,9893
1460,9946
1460,9964
1460,9976
1460,9991
1460,10034
1460,10064
1460,10074
1460,10084
1460,10132
1460,10142
1487,10147
1460,10156
1460,10180
1460,10204
1459,10221
1460,10231
1460,10292
1460,10304
1460,10316
1460,10380
1460,10390
1460,10400
1487,10464
1460,10476
1460,10489
1460,10551
1460,10561
1460,10577
1460,10587
1460,10597
1460,10660
1460,10670
1459,10680
1460,10743
1460,10756
1460,10768
1460,10832
1460,10842
1460,10852
1459,10905
1460,10915
1460,10932
1460,10993
1460,11003
1460,11013
1460,11030
1460,11040
1460,11076
1460,11118
1460,11128
1460,11138
1460,11201
1460,11211
1460,11221
1460,11284
1459,11297
1460,11309
1460,11372
1460,11385
1460,11398
1460,11408
1460,11418
1460,11446
1460,11458
1460,11471
1460,11483
1460,11493
1459,11503
1460,11516
1460,11528
1460,11541
1460,11551
1460,11561
1460,11571
1460,11581
1460,11591
1460,11601
1460,11609
1459,11618
1460,11626
1460,11635
1460,11644
1460,11652
1460,11660
1460,11667
1460,11675
1460,11683
1460,11691
1460,11698
1460,11706
1460,11714
1460,11721
1460,11734
1460,11742
1460,11751
1460,11759
1460,11765
1460,11771
1460,11776
1460,11781
1460,11786
1460,11791
1460,11796
1460,11802
1460,11807
1460,11812
1460,11817
1460,11822
1460,11827
1460,11832
1460,11837
1460,11842
1460,11847
1460,11852
1460,11857
1460,11863
1460,11868
1460,11873
1460,11878
1460,11883
1460,11888
1460,11892
1460,11897
1460,11902
1460,11907
1460,11912
1460,11916
1460,11921
1460,11926
1460,11931
1460,11935
1460,11940
1460,11945
1460,11950
1460,11954
1460,11959
1460,11964
1460,11969
1460,11973
1460,11978
1459,11983
1460,11988
1460,11993
1460,11997
1460,12002
1460,12007
1460,12012
1460,12016
1460,12021
1460,12026
1460,12031
1460,12035
1460,12040
1460,12045
1460,12049
1460,12053
1460,12057
1460,12061
1460,12065
1460,12069
1491,12070
1460,12073
1459,12078
1460,12084
1460,12089
1460,12093
1460,12097
1460,12101
1460,12105
1460,12109
1460,12113
1460,12117
1460,12121
1460,12125
1460,12130
1460,12134
1460,12138
1460,12142
1460,12146
1460,12150
1460,12154
1460,12158
1495,12160
1460,12162
1460,12166
1460,12169
1459,12172
1460,12175
1460,12179
1460,12182
1460,12185
1460,12189
1495,12189
1460,12192
1460,12195
1460,12198
1460,12202
1460,12205
1460,12208
1460,12212
1460,12215
1460,12218
1459,12221
1460,12225
1460,12228
1460,12231
1460,12237
1460,12242
1460,12247
1460,12252
1460,12255
1460,12259
1460,12262
1460,12265
1460,12268
1452,12271
1460,12274
1460,12277
1460,12280
1460,12283
1460,12286
1460,12288
1460,12291
1460,12294
1460,12297
1460,12299
1460,12302
1460,12305
1460,12307
1460,12310
1460,12313
1460,12316
1460,12318
1460,12321
1460,12324
1460,12326
1460,12329
1460,12332
1459,12335
1460,12337
1460,12340
1460,12343
1460,12345
1460,12348
1460,12351
1460,12354
1460,12356
1460,12359
1460,12362
1460,12365
1460,12367
1460,12370
1460,12373
1460,12375
1460,12378
1460,12381
1460,12384
1460,12386
1460,12389
1460,12391
1460,12394
1460,12397
1460,12399
1460,12402
1460,12404
1459,12407
1460,12409
1460,12412
1460,12414
1460,12416
1460,12419
1460,12421
1460,12424
1460,12426
1460,12428
1460,12431
1460,12433
1460,12436
1460,12438
1460,12441
1460,12443
1460,12445
1460,12448
1493,12449
1460,12450
1460,12453
1460,12455
1459,12458
1460,12460
1460,12462
1460,12465
1460,12467
1460,12470
1460,12472
1460,12475
1460,12477
1460,12479
1460,12482
1460,12484
1460,12487
1460,12489
1459,12491
1460,12494
1460,12496
1460,12499
1460,12501
1460,12504
1460,12506
1460,12508
1460,12511
1460,12513
1460,12515
1460,12518
1460,12520
1460,12522
1460,12525
1460,12527
1460,12529
1459,12531
1460,12534
1460,12536
1460,12538
1460,12541
1460,12543
1460,12545
1460,12547
1460,12550
1460,12552
1460,12554
1460,12557
1460,12559
1459,12561
1460,12563
1460,12566
1460,12568
1460,12570
1460,12573
1460,12575
1460,12577
1460,12579
1460,12582
1460,12584
1460,12586
1460,12589
1460,12591
1460,12593
1460,12595
1460,12598
1460,12600
1460,12602
1460,12604
1495,12606
1460,12606
1459,12609
1460,12611
1460,12613
1460,12615
1460,12617
1459,12619
1460,12622
1460,12624
1460,12626
1460,12628
1460,12630
1460,12632
1460,12635
1460,12637
1460,12639
1460,12641
1460,12643
1460,12645
1460,12648
1460,12650
1460,12652
1460,12654
1460,12656
1460,12658
1495,12659
1460,12660
1460,12662
1460,12664
1460,12666
1460,12667
1460,12669
1460,12671
1460,12673
1460,12674
1460,12676
1460,12678
1460,12679
1460,12681
1460,12683
1460,12685
1460,12686
1460,12688
1460,12690
1460,12691
1460,12693
1460,12695
1460,12697
1460,12698
1460,12700
1460,12702
1460,12704
1460,12705
1460,12707
1460,12709
1460,12710
1460,12712
1460,12714
1459,12716
1460,12717
1460,12719
1460,12721
1460,12722
1460,12724
1460,12726
1460,12727
1460,12729
1530,12731
1460,12731
1460,12733
1460,12736
1460,12739
1460,12741
1460,12744
1460,12746
1460,12749
1460,12752
1460,12754
1460,12757
1460,12760
1460,12762
1460,12764
1460,12766
1495,12767
1460,12768
1460,12769
1460,12771
1460,12773
1460,12775
1460,12777
1460,12779
1460,12781
1460,12782
1460,12784
1460,12786
1460,12787
1495,12789
1460,12789
1460,12791
1460,12792
1460,12794
1459,12796
1460,12797
1460,12799
1460,12801
1460,12802
1460,12804
1460,12806
1460,12807
1460,12809
1460,12811
1460,12812
1460,12814
1460,12815
1460,12817
1460,12819
1460,12820
1460,12822
1460,12824
1460,12825
1460,12827
1460,12829
1458,12830
1460,12832
1459,12834
1460,12835
1460,12837
1460,12839
1460,12840
1460,12842
1460,12844
1460,12845
1460,12847
1460,12849
1460,12850
1460,12852
1460,12854
1460,12855
1460,12857
1460,12859
1460,12860
1460,12862
1460,12864
1460,12865
1460,12867
1459,12869
1460,12870
1460,12872
1460,12874
1460,12875
1460,12877
1460,12879
1460,12880
1460,12882
1460,12884
1460,12885
1460,12887
1460,12888
1460,12890
1460,12892
1460,12893
1460,12895
1460,12896
1460,12898
1460,12899
1460,12901
1460,12902
1460,12904
1460,12905
1460,12907
1460,12908
1460,12910
1460,12911
1460,12913
1459,12914
1460,12916
1460,12917
1497,12919
1460,12919
1460,12920
1460,12922
1460,12924
1460,12925
1460,12927
1460,12928
1460,12930
1456,12931
1460,12932
1460,12934
1460,12935
1460,12937
1460,12938
1460,12940
1460,12941
1460,12943
1460,12944
1460,12946
1460,12947
1497,12948
1460,12949
1460,12950
1460,12952
1460,12953
1460,12955
1460,12956
1460,12958
1460,12959
1459,12961
1460,12962
1460,12964
1460,12965
1460,12967
1460,12968
1459,12970
1460,12971
1460,12973
1460,12974
1460,12976
1496,12976
1460,12977
1460,12979
1460,12980
1460,12982
1460,12983
1460,12985
1460,12986
1460,12988
1460,12989
1460,12991
1460,12992
1460,12994
1460,12995
1460,12997
1460,12998
1460,13000
1460,13001
1460,13003
1460,13004
1460,13006
1460,13007
1460,13009
1460,13010
1460,13012
1460,13013
1460,13015
1460,13016
1460,13017
1460,13019
1460,13020
1460,13022
1460,13023
1460,13025
1460,13026
1460,13027
1460,13029
1460,13030
1460,13032
1460,13033
1460,13035
1460,13036
1459,13038
1498,13038
1460,13039
1460,13040
1460,13042
1460,13043
1460,13045
1460,13046
1460,13047
1460,13049
1460,13050
1460,13051
1460,13053
1460,13054
1499,13054
1460,13055
1460,13057
1460,13058
1460,13059
1460,13061
1460,13062
1460,13063
1460,13065
1460,13066
1460,13067
1460,13069
1460,13070
1459,13071
1460,13073
1460,13074
1460,13076
1460,13077
1460,13078
1460,13080
1460,13081
1460,13082
1460,13084
1459,13085
1460,13086
1460,13088
1459,13089
1460,13090
1460,13092
1460,13093
1460,13094
1460,13096
1460,13097
1459,13098
1460,13100
1460,13101
1460,13102
1460,13104
1460,13105
1460,13106
1460,13108
1460,13109
1460,13110
1460,13112
1459,13113
1460,13114
1460,13116
1460,13117
1459,13118
1460,13120
1460,13121
1460,13122
1460,13124
1460,13125
1460,13126
1460,13128
1460,13129
1460,13130
1460,13132
1460,13133
1460,13134
1460,13135
1460,13137
1460,13138
1460,13139
1460,13140
1460,13142
1499,13143
1460,13143
1460,13144
1460,13145
1460,13147
1460,13148
1460,13149
1460,13150
1460,13152
1460,13153
1460,13154
1460,13155
1460,13156
1460,13157
1460,13158
1460,13159
1460,13160
1460,13161
1460,13162
1460,13163
1460,13164
1460,13165
1460,13166
1460,13167
1460,13168
1460,13169
1460,13170
1460,13171
1460,13172
1460,13173
1460,13174
1460,13175
1460,13176
1460,13177
1460,13178
1460,13179
1460,13180
1460,13181
1460,13182
1460,13183
1460,13184
1460,13185
1460,13186
1460,13187
1460,13188
1460,13189
1460,13190
1460,13191
1460,13192
1460,13193
1460,13194
1460,13195
1459,13196
1460,13197
1460,13198
1460,13199
1460,13200
1460,13201
1460,13202
1460,13203
1460,13204
1460,13205
1460,13206
1460,13207
1460,13208
1460,13209
1460,13210
1460,13211
1460,13212
1460,13213
1460,13214
1460,13215
1460,13216
1460,13217
1460,13218
1460,13219
1460,13220
1460,13222
1460,13224
1459,13225
1460,13227
1460,13228
1460,13230
1460,13231
1460,13233
1460,13234
1460,13236
1460,13237
1460,13239
1460,13240
1460,13242
1460,13243
1460,13244
1460,13245
1460,13246
1460,13247
1460,13248
1460,13249
1459,13251
1460,13252
1460,13253
1460,13254
1460,13255
1460,13256
1460,13257
1460,13258
1460,13259
1460,13260
1460,13261
1460,13262
1460,13263
1460,13264
1460,13265
1460,13266
1460,13267
1460,13268
1460,13269
1460,13270
1460,13271
1460,13272
1459,13273
1460,13274
1460,13275
1460,13276
1460,13277
1460,13278
1460,13278
1460,13279
1460,13280
1460,13281
1460,13282
1460,13283
1454,13284
1460,13285
1460,13286
1460,13287
1460,13288
1501,13288
1460,13289
1460,13290
1460,13291
1460,13292
1460,13293
1460,13294
1460,13295
1460,13296
1460,13297
1459,13297
1460,13298
1460,13299
1460,13300
1460,13301
1460,13302
1460,13303
1460,13304
1460,13305
1460,13306
1460,13307
1460,13308
1460,13309
1460,13310
1460,13311
1460,13312
1460,13313
1460,13314
1460,13315
1460,13316
1460,13316
1460,13317
1460,13318
1460,13319
1460,13320
1460,13321
1460,13322
1460,13323
1460,13324
1460,13325
1460,13326
1460,13327
1460,13328
1459,13329
1460,13330
1460,13331
1460,13332
1460,13333
1460,13334
1460,13335
1460,13335
1460,13336
1460,13337
1460,13338
1460,13339
1460,13340
1460,13341
1460,13342
1460,13343
1459,13344
1460,13345
1460,13346
1459,13347
1460,13348
1460,13349
1460,13350
1460,13351
1460,13352
1460,13353
1460,13354
1460,13354
1460,13355
1460,13356
1460,13357
1460,13358
1460,13359
1460,13360
1460,13361
1460,13362
1460,13363
1460,13364
1460,13365
1460,13366
1460,13367
1460,13368
1460,13369
1460,13370
1460,13371
1460,13371
1460,13372
1460,13373
1460,13374
1460,13375
1460,13376
1459,13377
1460,13378
1460,13379
1460,13380
1460,13381
1460,13382
1460,13383
1460,13383
1460,13384
1459,13385
1460,13386
1460,13387
1503,13387
1460,13388
1460,13389
1460,13390
1460,13391
1460,13392
1460,13393
1460,13393
1460,13394
1460,13395
1460,13396
1460,13397
1459,13398
1460,13399
1460,13400
1460,13401
1460,13402
1460,13403
1460,13403
1460,13404
1460,13405
1460,13406
1460,13407
1460,13408
1501,13408
1460,13409
1460,13410
1460,13411
1460,13412
1460,13413
1460,13414
1460,13414
1459,13415
1460,13416
1460,13417
1460,13418
1460,13419
1460,13420
1460,13421
1460,13422
1460,13423
1460,13424
1460,13424
1460,13425
1460,13426
1460,13427
1460,13428
1460,13429
1460,13430
1460,13431
1460,13432
1460,13433
1460,13434
1460,13434
1460,13435
1460,13436
1460,13437
1460,13438
1460,13439
1460,13440
1460,13441
1460,13442
1460,13443
1460,13444
1460,13445
1460,13445
1460,13446
1460,13447
1460,13448
1460,13449
1460,13450
1460,13451
1460,13452
1460,13453
1460,13454
1460,13454
1459,13455
1459,13456
1460,13457
1460,13458
1460,13459
1460,13460
1460,13461
1460,13462
1460,13463
1460,13463
1460,13464
1460,13465
1460,13466
1460,13467
1460,13468
1460,13469
1460,13470
1460,13470
1460,13471
1460,13472
1460,13473
1460,13474
1460,13475
1460,13476
1460,13477
1460,13477
1460,13478
1460,13479
1460,13480
1460,13481
1460,13482
1460,13483
1460,13483
1460,13484
1460,13485
1460,13486
1460,13487
1460,13488
1460,13489
1460,13490
1460,13490
1459,13491
1460,13492
1460,13493
1460,13494
1460,13495
1460,13496
1460,13496
1460,13497
1460,13498
1460,13499
1460,13500
1460,13501
1460,13502
1460,13503
1460,13503
1460,13504
1460,13505
1460,13506
1460,13507
1460,13508
1460,13509
1507,13509
1460,13509
1460,13510
1460,13511
1460,13512
1460,13513
1460,13514
1460,13515
1460,13515
1460,13516
1460,13517
1460,13518
1460,13519
1460,13520
1459,13520
1460,13521
1460,13522
1460,13523
1460,13524
1460,13525
1460,13526
1460,13526
1460,13527
1460,13528
1460,13529
1460,13530
1460,13531
1460,13532
1460,13532
1460,13533
1460,13534
1460,13535
1460,13536
1460,13537
1460,13537
1460,13538
1460,13539
1460,13540
1460,13541
1460,13542
1460,13543
1460,13543
1460,13544
1460,13545
1460,13546
1460,13547
1460,13548
1459,13548
1460,13549
1460,13550
1460,13551
1460,13552
1460,13553
1460,13554
1460,13554
1460,13555
1460,13556
1460,13557
1460,13558
1460,13559
1460,13559
1460,13560
1460,13561
1460,13562
1460,13563
1460,13564
1460,13565
1460,13565
1460,13566
1460,13567
1460,13568
1460,13569
1460,13570
1460,13570
1460,13571
1460,13572
1459,13573
1456,13574
1460,13575
1460,13576
1460,13576
1460,13577
1460,13578
1460,13579
1460,13580
1460,13581
1460,13581
1460,13582
1459,13583
1460,13584
1460,13585
1460,13586
1460,13586
1460,13587
1460,13588
1460,13589
1460,13590
1460,13591
1460,13591
1460,13592
1460,13593
1460,13594
1460,13595
1460,13595
1460,13596
1460,13597
1459,13598
1460,13599
1460,13600
1460,13600
1460,13601
1460,13602
1460,13603
1460,13604
1460,13605
1459,13605
1460,13606
1460,13607
1460,13608
1460,13609
1460,13609
1460,13610
1460,13611
1460,13612
1460,13613
1460,13614
1460,13614
1460,13615
1460,13616
1460,13617
1460,13618
1460,13619
1460,13619
1460,13620
1459,13621
1460,13622
1460,13623
1460,13623
1460,13624
1507,13624
1460,13625
1460,13626
1460,13627
1460,13628
1460,13628
1460,13629
1460,13630
1460,13631
1460,13631
1460,13632
1460,13633
1460,13633
1460,13634
1460,13635
1460,13635
1460,13636
1460,13637
1460,13637
1459,13638
1460,13639
1460,13639
1460,13640
1460,13641
1460,13641
1460,13642
1460,13642
1460,13643
1460,13644
1460,13644
1460,13645
1460,13646
1460,13646
1460,13647
1460,13648
1460,13648
1460,13649
1460,13650
1460,13650
1460,13651
1460,13652
1460,13652
1460,13653
1460,13654
1460,13654
1460,13655
1460,13656
1460,13656
1460,13657
1460,13658
1454,13658
1460,13659
1460,13660
1460,13660
1460,13661
1460,13662
1460,13662
1460,13663
1460,13663
1460,13664
1460,13665
1460,13665
1460,13666
1460,13667
1460,13667
1459,13668
1460,13669
1460,13669
1460,13670
1460,13671
1460,13671
1460,13672
1460,13673
1460,13673
1460,13674
1460,13675
1460,13675
1460,13676
1460,13677
1460,13677
1460,13678
1460,13679
1460,13679
1460,13680
1459,13681
1460,13681
1460,13682
1460,13682
1460,13683
1459,13684
1460,13684
1460,13685
1460,13686
1460,13686
1460,13687
1460,13688
1460,13688
1460,13689
1460,13689
1460,13690
1460,13691
1460,13691
1460,13692
1460,13693
1460,13693
1460,13694
1460,13695
1460,13696
1460,13697
1460,13698
1460,13699
1460,13700
1460,13701
1460,13702
1460,13703
1460,13704
1460,13705
1460,13706
1460,13707
1460,13708
1460,13709
1460,13710
1460,13711
1505,13712
1460,13712
1460,13713
1460,13714
1460,13715
1460,13716
1460,13717
1460,13718
1460,13719
1459,13720
1460,13721
1460,13721
1460,13722
1460,13723
1460,13723
1460,13724
1460,13725
1460,13726
1459,13726
1460,13727
1460,13728
1460,13728
1460,13729
1460,13730
1459,13730
1460,13731
1460,13732
1460,13733
1460,13733
1460,13734
1460,13735
1460,13735
1460,13736
1460,13737
1460,13737
1460,13738
1460,13739
1460,13739
1460,13740
1460,13741
1460,13741
1460,13742
1460,13743
1460,13743
1460,13744
1460,13745
1460,13745
1460,13746
1460,13747
1460,13747
1460,13748
1460,13749
1460,13749
1460,13750
1460,13751
1460,13751
1460,13752
1460,13752
1460,13753
1460,13754
1460,13754
1460,13755
1460,13756
1460,13756
1505,13756
1460,13757
1460,13758
1460,13758
1460,13759
1460,13760
1460,13760
1460,13761
1459,13761
1460,13762
1460,13763
1460,13763
1460,13764
1460,13765
1460,13765
1460,13766
1460,13766
1460,13767
1460,13768
1460,13768
1460,13769
1460,13770
1460,13770
1460,13771
1460,13772
1460,13772
1460,13773
1460,13773
1460,13774
1460,13775
1460,13775
1460,13776
1460,13777
1460,13777
1460,13778
1460,13779
1460,13779
1460,13780
1460,13780
1460,13781
1460,13782
1460,13782
1460,13783
1460,13784
1460,13784
1460,13785
1460,13785
1460,13786
1460,13787
1460,13787
1459,13788
1460,13789
1460,13789
1460,13790
1460,13791
1460,13791
1458,13792
1460,13792
1460,13793
1460,13794
1460,13794
1460,13795
1460,13796
1460,13796
1460,13797
1460,13797
1460,13798
1460,13799
1460,13799
1460,13800
1460,13801
1460,13801
1460,13802
1460,13803
1460,13803
1460,13804
1460,13804
1460,13805
1460,13806
1460,13806
1459,13807
1460,13808
1460,13808
1460,13809
1460,13809
1460,13810
1460,13811
1460,13811
1505,13812
1460,13812
1460,13813
1460,13813
1460,13814
1460,13815
1460,13815
1460,13816
1460,13816
1460,13817
1460,13818
1460,13818
1460,13819
1460,13820
1460,13820
1460,13821
1460,13822
1460,13822
1460,13823
1460,13823
1507,13823
1460,13824
1460,13825
1460,13825
1460,13826
1460,13827
1460,13827
1460,13828
1460,13828
1460,13829
1460,13830
1460,13830
1460,13831
1460,13832
1460,13832
1460,13833
1460,13834
1460,13834
1460,13835
1460,13835
1460,13836
1460,13837
1460,13837
1460,13838
1460,13839
1460,13839
1460,13840
1460,13840
1459,13841
1460,13842
1460,13842
1460,13843
1460,13844
1460,13844
1460,13845
1460,13846
1460,13846
1460,13847
1460,13847
1460,13848
1460,13849
1507,13849
1460,13849
1460,13850
1460,13851
1460,13851
1460,13852
1460,13852
1460,13853
1460,13854
1460,13854
1460,13855
1460,13856
1460,13856
1460,13857
1460,13858
1460,13858
1460,13859
1460,13859
1460,13860
1460,13861
1460,13861
1460,13862
1460,13863
1460,13863
1460,13864
1460,13865
1460,13865
1460,13866
1459,13866
1460,13867
1460,13868
1460,13868
1460,13869
1460,13870
1460,13870
1460,13871
1460,13871
1460,13872
1460,13873
1460,13873
1460,13874
1460,13874
1460,13875
1460,13876
1460,13876
1460,13877
1460,13877
1460,13878
1460,13879
1460,13879
1460,13880
1460,13881
1460,13881
1460,13882
1460,13882
1460,13883
1460,13884
1460,13884
1460,13885
1460,13885
1460,13886
1460,13887
1460,13887
1460,13888
1460,13888
1460,13889
1460,13890
1460,13890
1460,13891
1460,13891
1460,13892
1460,13893
1460,13893
1460,13894
1460,13894
1507,13895
1460,13895
1460,13896
1460,13896
1460,13897
1460,13898
1460,13898
1460,13899
1460,13899
1459,13900
1460,13901
1460,13901
1459,13902
1460,13902
1460,13903
1460,13904
1460,13904
1460,13905
1460,13905
1460,13906
1460,13907
1460,13907
1460,13908
1460,13908
1460,13909
1460,13910
1460,13910
1460,13911
1460,13911
1459,13912
1460,13913
1460,13913
1460,13914
1460,13914
1460,13915
1460,13916
1460,13916
1460,13917
1460,13917
1460,13918
1460,13919
1460,13919
1460,13920
1460,13920
1460,13921
1460,13921
1460,13922
1460,13923
1460,13923
1460,13924
1460,13924
1460,13925
1460,13926
1459,13926
1460,13927
1460,13927
1460,13928
1458,13929
1460,13929
1460,13930
1460,13930
1460,13931
1460,13932
1460,13932
1460,13933
1460,13933
1460,13934
1460,13934
1459,13935
1460,13936
1460,13936
1460,13937
1460,13937
1460,13938
1460,13939
1460,13939
1460,13940
1460,13940
1460,13941
1460,13941
1460,13942
1460,13943
1460,13943
1460,13944
1460,13944
1460,13945
1460,13946
1460,13946
1460,13947
1460,13947
1460,13948
1460,13948
428,13949
1388,13950
1505,13951
1388,13952
1388,13954
1388,13957
1388,13959
1055,13961
1388,13963
1388,13965
1388,13967
1388,13970
1388,13972
1388,13974
1388,13976
1388,13978
1388,13980
1388,13982
1388,13984
1388,13986
1388,13988
1388,13990
1388,13992
406,13995
1388,13997
1388,13999
1388,14001
1388,14003
1388,14005
1388,14007
1388,14009
1388,14011
1388,14013
1388,14015
1388,14017
1388,14020
1388,14022
1388,14024
1388,14026
429,14028
1388,14030
1388,14032
1388,14034
1388,14037
1388,14039
1388,14041
1388,14043
1388,14046
1388,14048
1388,14050
1388,14052
1388,14054
1388,14057
1388,14059
1123,14061
1388,14063
1388,14066
1388,14068
1388,14070
1388,14072
1388,14074
1388,14077
1388,14079
1388,14081
1388,14083
1388,14086
1388,14088
1388,14090
1388,14092
1189,14094
1388,14097
1388,14099
1388,14101
1388,14103
1388,14106
1388,14108
1388,14110
1388,14112
1388,14114
1388,14117
1388,14119
1388,14121
1388,14123
1388,14126
662,14128
1388,14130
1388,14132
1388,14134
1388,14137
1388,14139
1388,14141
1388,14143
1388,14146
1388,14148
1388,14150
1388,14152
1388,14154
1388,14157
1388,14159
118,14161
1388,14163
1388,14166
1388,14168
1388,14170
1388,14173
1388,14175
1388,14178
1388,14180
1388,14182
1388,14185
1388,14187
1388,14190
1388,14192
883,14194
1388,14197
1388,14199
1388,14201
1388,14204
1388,14206
1388,14209
1388,14211
1388,14213
1388,14216
1388,14218
1388,14220
1388,14223
1388,14225
975,14228
1388,14230
1388,14232
1388,14235
1388,14237
1388,14240
1388,14242
1388,14244
1388,14247
1388,14249
1388,14251
1388,14254
1388,14256
1388,14259
943,14261
1388,14263
1388,14266
1388,14268
1388,14270
1388,14273
1388,14275
1388,14278
1388,14280
1388,14282
1388,14285
1388,14287
1388,14290
1388,14292
1309,14294
1388,14297
1388,14299
1388,14301
1388,14304
1388,14306
1388,14309
1388,14311
1388,14313
1388,14316
1388,14318
1388,14320
1388,14323
1388,14325
1355,14328
1388,14330
1388,14332
1388,14335
1388,14337
1388,14340
1388,14342
1388,14344
1388,14347
1388,14349
1388,14351
1388,14354
1388,14356
1388,14359
1291,14361
1388,14363
1388,14366
1388,14368
1388,14370
1388,14373
1388,14375
1388,14378
1388,14380
1388,14382
1388,14385
1388,14387
1388,14390
1388,14392
1225,14394
1388,14397
1388,14399
1388,14401
1388,14404
1388,14406
1388,14409
1388,14411
1388,14413
1388,14416
1388,14418
1388,14420
1388,14423
1388,14425
999,14428
1388,14430
1388,14432
1388,14435
1388,14437
1388,14440
1388,14442
1388,14444
1388,14447
1388,14449
1388,14451
1388,14454
1388,14456
1388,14459
1250,14461
1388,14463
1388,14466
1388,14468
1388,14470
1388,14473
1388,14475
1388,14478
1388,14480
1388,14482
1388,14485
1388,14487
1388,14490
1437,14491
1388,14492
242,14494
1388,14497
1388,14499
1388,14501
1388,14504
1437,14505
1388,14506
1388,14509
1388,14511
1388,14513
1388,14516
1388,14518
1388,14520
1388,14523
1388,14525
252,14528
1388,14530
1388,14532
1439,14534
1388,14535
1388,14537
1388,14540
1388,14542
1388,14544
1388,14547
1388,14549
1388,14551
1388,14554
1388,14556
1388,14559
1200,14561
1388,14563
1388,14566
1388,14568
1388,14570
1388,14572
1388,14574
1388,14577
1388,14579
1388,14581
1388,14583
1388,14586
1388,14588
1388,14590
1388,14592
487,14594
1388,14597
1388,14599
1388,14601
1388,14603
1388,14606
1388,14608
1388,14610
1388,14612
1388,14614
1388,14617
1388,14619
1388,14621
1388,14623
1388,14626
585,14628
1388,14630
1388,14632
1388,14635
1388,14637
1388,14640
1388,14642
1388,14644
1388,14647
1388,14649
1388,14651
1388,14654
1388,14656
1388,14659
980,14661
1388,14663
1388,14666
1388,14668
1388,14670
1388,14673
1388,14675
1388,14678
1388,14680
1388,14682
1388,14685
1388,14687
1439,14689
1388,14690
1388,14692
1085,14694
1388,14697
1388,14699
1388,14701
1388,14704
1388,14706
1388,14709
1388,14711
1388,14713
1388,14716
1388,14718
1388,14720
1388,14723
1388,14725
1375,14728
1388,14730
1388,14732
1388,14735
1388,14737
1388,14740
1388,14742
1388,14744
1388,14747
1388,14749
1388,14751
1388,14754
1388,14756
1388,14759
814,14761
1388,14763
1388,14766
1388,14768
1388,14770
1388,14773
1388,14775
1388,14778
1388,14780
1388,14782
1388,14785
1388,14787
1388,14790
1388,14792
570,14794
1388,14797
1388,14799
1388,14801
1388,14804
1388,14806
1388,14809
1388,14811
1388,14813
1388,14816
1388,14818
1388,14820
1388,14823
1388,14825
868,14828
1388,14830
1388,14832
1388,14835
1388,14837
1388,14840
1388,14842
1388,14844
1388,14847
1388,14849
1388,14851
1388,14854
1388,14856
1388,14859
184,14861
1388,14863
1388,14866
1388,14868
1388,14871
1388,14874
1388,14876
1388,14879
1388,14881
1388,14884
1388,14886
1388,14889
1388,14892
587,14894
1388,14897
1388,14899
1388,14902
1439,14903
1388,14904
1388,14907
1388,14909
1388,14912
1388,14915
1388,14917
1388,14920
1388,14922
1388,14925
496,14927
1388,14930
1388,14933
1388,14935
1388,14938
1388,14940
1388,14943
1388,14945
1388,14948
1388,14951
1388,14953
1388,14956
1388,14958
240,14961
1388,14963
1388,14966
1388,14969
1388,14972
1388,14974
1388,14977
1388,14980
1388,14983
1388,14986
1388,14988
1388,14991
1222,14994
1388,14997
1388,14999
1388,15002
1388,15004
1388,15007
1388,15009
1388,15012
1388,15015
1388,15017
1388,15020
1388,15022
1388,15025
289,15027
1388,15030
1388,15033
1388,15035
1388,15038
1388,15040
1388,15043
1388,15045
1388,15048
1388,15051
1388,15053
1437,15054
1388,15056
1388,15058
38,15061
1388,15063
1388,15066
1388,15068
1388,15071
1388,15074
1388,15076
1388,15079
1388,15081
1388,15084
1388,15086
1388,15089
1388,15092
570,15094
1388,15097
1388,15099
1388,15102
1388,15104
1388,15107
1388,15109
1388,15112
1388,15115
1388,15117
1388,15120
1388,15122
1388,15125
99,15127
1388,15130
1388,15133
1388,15136
1388,15138
1388,15141
1388,15144
1388,15147
1388,15149
1388,15152
1388,15155
1388,15158
577,15161
1388,15163
1388,15166
1388,15169
1388,15172
1388,15174
1388,15177
1388,15180
1388,15183
1388,15186
1388,15188
1388,15191
1356,15194
1388,15197
1388,15199
1388,15202
1388,15205
1388,15208
1388,15211
1388,15213
1388,15216
1388,15219
1388,15222
1388,15224
1246,15227
1388,15230
1388,15233
1388,15235
1388,15238
1388,15240
1388,15243
1388,15245
1388,15248
1388,15251
1388,15253
1388,15256
1388,15258
186,15261
1388,15263
1388,15266
1388,15269
1388,15272
1388,15274
1388,15277
1388,15280
1388,15283
1388,15286
1388,15288
1388,15291
1030,15294
1388,15297
1388,15299
1388,15302
1388,15305
1388,15308
1388,15311
1388,15313
1388,15316
1439,15316
1388,15319
1388,15322
1388,15324
895,15327
1388,15330
1388,15333
1388,15336
1388,15339
1388,15342
1388,15345
1388,15348
1388,15351
1388,15354
1388,15357
1260,15360
1388,15363
1388,15366
1388,15369
1388,15372
1388,15375
1388,15378
1388,15382
1388,15385
1388,15388
1388,15391
571,15394
1388,15397
1388,15400
1388,15403
1388,15406
1388,15409
1388,15412
1388,15415
1388,15418
1388,15421
1388,15424
442,15427
1388,15430
1388,15433
1388,15436
1388,15439
1388,15442
1388,15445
1388,15448
1388,15451
1388,15454
1388,15457
888,15460
1388,15463
1388,15466
1388,15469
1388,15472
1388,15474
1388,15477
1388,15480
1388,15483
1388,15486
1388,15488
1388,15491
94,15494
1388,15497
1388,15499
1388,15502
1388,15505
1388,15508
1388,15511
1388,15513
1388,15516
1388,15519
1388,15522
1388,15524
849,15527
1388,15530
1388,15533
1388,15535
1388,15538
1388,15540
1388,15543
1388,15545
1388,15548
1388,15551
1388,15553
1388,15556
1388,15558
54,15561
1388,15563
1388,15566
1388,15568
1388,15571
1388,15574
1388,15576
1388,15579
1388,15581
1388,15584
1388,15586
1388,15589
1388,15592
173,15594
1437,15596
1388,15597
1388,15599
1388,15602
1388,15604
1388,15607
1388,15609
1388,15612
1388,15615
1388,15617
1388,15620
1388,15622
1388,15625
62,15627
1388,15630
1388,15633
1388,15636
1388,15638
1388,15641
1388,15644
1388,15647
1388,15649
1388,15652
1388,15655
1388,15658
1194,15661
1388,15663
1388,15666
1388,15669
1388,15672
1388,15674
1388,15677
1388,15680
1388,15683
1439,15683
1388,15686
1388,15688
1388,15691
782,15694
1388,15697
1388,15700
1437,15702
1388,15703
1388,15706
1388,15709
1388,15712
1388,15715
1388,15718
1388,15721
1388,15724
1285,15727
1388,15730
1388,15733
1388,15736
1388,15738
1388,15741
1388,15744
1388,15747
1388,15749
1388,15752
1388,15755
1388,15758
221,15761
1388,15763
1388,15766
1388,15768
1388,15771
1388,15774
1388,15776
1388,15779
1388,15781
1388,15784
1388,15786
1388,15789
1388,15792
55,15794
1388,15797
1388,15799
1388,15802
1388,15804
1388,15807
1388,15809
1388,15812
1388,15815
1388,15817
1388,15820
1388,15822
1388,15825
1439,15827
84,15827
1388,15830
1388,15833
1388,15836
1388,15838
1388,15841
1388,15844
1388,15847
1388,15849
1388,15852
1388,15855
1388,15858
1381,15861
1388,15863
1388,15866
1388,15869
1388,15872
1388,15874
1388,15877
1388,15880
1388,15883
1388,15886
1388,15888
1388,15891
767,15894
1388,15897
1388,15899
1388,15902
1388,15905
1388,15908
1388,15911
1388,15913
1388,15916
1388,15919
1388,15922
1388,15924
1261,15927
1388,15930
1388,15933
1388,15936
1388,15938
1388,15941
1388,15944
1388,15947
1388,15949
1388,15952
1388,15955
1388,15958
175,15961
1388,15963
1388,15966
1388,15969
1388,15972
1388,15975
1388,15978
1388,15982
1388,15985
1388,15988
1388,15991
1342,15994
1388,15997
1388,15999
1388,16002
1388,16005
1388,16008
1388,16011
1388,16013
1388,16016
1388,16019
1388,16022
1388,16024
858,16027
1388,16030
1388,16033
1388,16036
1388,16038
1388,16041
1388,16044
1388,16047
1388,16049
1388,16052
1388,16055
1388,16058
332,16061
1388,16063
1388,16066
1388,16069
1388,16072
1388,16074
1388,16077
1388,16080
1388,16083
1388,16086
1388,16088
1388,16091
413,16094
1388,16097
1388,16099
1388,16102
1388,16105
1388,16108
1388,16111
1388,16113
1388,16116
1388,16119
1388,16122
1388,16124
1020,16127
1388,16130
1388,16133
1388,16136
1388,16138
1388,16141
1388,16144
1388,16147
1388,16149
1388,16152
1388,16155
1388,16158
294,16161
1388,16163
1388,16166
1388,16169
1388,16172
1388,16175
1388,16178
1388,16182
1388,16185
1388,16188
1388,16191
698,16194
1388,16197
1388,16200
1388,16203
1388,16207
1388,16210
1388,16213
1388,16217
1388,16220
1388,16223
1382,16227
1388,16230
1388,16234
1388,16237
1388,16241
1388,16245
1388,16249
1388,16252
1388,16256
1252,16260
1388,16263
1388,16267
1388,16271
1388,16274
1388,16278
1388,16282
1388,16286
1388,16289
877,16293
1388,16297
1388,16300
1388,16304
1388,16308
1388,16311
1388,16315
1388,16319
1388,16323
1006,16326
1388,16330
1388,16334
1388,16337
1388,16341
1388,16345
1388,16349
1388,16352
1388,16356
892,16360
1388,16363
1388,16367
1388,16371
1388,16374
1388,16378
1388,16382
1388,16386
1388,16389
165,16393
1388,16397
1388,16400
1388,16404
1388,16408
1388,16411
1388,16415
1388,16419
1388,16423
634,16426
1388,16430
1388,16434
1388,16437
1388,16441
1388,16445
1388,16449
1388,16452
1388,16456
143,16460
1388,16463
1388,16467
1388,16470
1388,16473
1388,16477
1388,16480
1388,16483
1388,16487
1388,16490
726,16493
1388,16497
1388,16500
1388,16503
1388,16507
1388,16510
1388,16513
1388,16517
1388,16520
1388,16523
460,16527
1388,16530
1388,16533
1388,16537
1388,16540
1388,16543
1388,16547
1388,16550
1388,16553
1388,16557
399,16560
1388,16563
1388,16567
1388,16570
1388,16573
1388,16577
1388,16580
1388,16583
1388,16587
1388,16590
233,16593
1388,16597
1388,16600
1388,16603
1388,16607
1388,16610
1388,16613
1388,16617
1388,16620
1388,16623
576,16627
1388,16630
1388,16633
1388,16637
1388,16640
1388,16643
1388,16647
1388,16650
1388,16653
1388,16657
1094,16660
1388,16663
1388,16667
1388,16671
1388,16674
1388,16678
1388,16682
1388,16686
1388,16689
1004,16693
1388,16697
1388,16701
1388,16705
1388,16709
1388,16713
1388,16717
1388,16722
316,16726
1388,16730
1388,16734
1388,16737
1388,16741
1388,16745
1388,16749
1388,16752
1388,16756
1013,16760
1388,16763
1388,16767
1388,16771
1388,16774
1388,16778
1388,16782
1388,16786
1388,16789
868,16793
1388,16797
1388,16801
1388,16805
1388,16809
1388,16813
1388,16817
1388,16822
103,16826
1388,16830
1388,16835
1388,16840
1388,16844
1388,16849
1388,16854
59,16859
1388,16863
1388,16869
1388,16874
1388,16880
1388,16886
322,16891
1388,16897
1388,16903
1388,16910
1388,16917
1017,16923
1388,16930
1388,16941
419,16952
1388,16963
1388,16966
1388,16969
1388,16972
1388,16975
1388,16978
1388,16982
1388,16985
1388,16988
1388,16991
1441,16993
584,16994
1388,16997
174,17013
1388,17030
713,17047
1388,17063
843,17080
1388,17097
975,17113
229,17118
0,17128
1388,17130
941,17147
1388,17163
1139,17180
0,17191
1388,17197
0,17207
1233,17213
1388,17230
1253,17247
0,17257
1388,17263
0,17280
1276,17280
0,17290
1388,17297
1292,17313
1388,17330
0,17340
1388,17341
0,17351
42,17352
0,17363
1388,17363
0,17373
1388,17374
17,17386
1388,17397
1388,17408
0,17418
114,17419
1388,17430
1388,17441
367,17452
1388,17463
1388,17474
115,17486
1388,17497
1388,17508
272,17519
0,17529
1388,17530
0,17540
1388,17541
179,17552
1388,17563
1388,17574
329,17586
1388,17597
0,17607
1388,17608
468,17619
1388,17630
1388,17641
342,17652
0,17662
1388,17663
1388,17674
275,17686
1388,17697
0,17707
1388,17708
0,17718
739,17719
1388,17730
1388,17741
474,17752
1388,17763
1388,17774
546,17786
1388,17797
1388,17808
646,17819
0,17829
1388,17830
0,17840
1388,17841
700,17852
1388,17863
1388,17874
603,17886
1388,17897
0,17907
1388,17908
857,17919
1388,17930
1388,17941
763,17952
0,17962
1388,17963
1388,17974
902,17986
1388,17997
1388,18008
0,18018
935,18019
1388,18030
1388,18041
1224,18052
0,18062
1388,18063
1388,18072
1388,18080
57,18088
1388,18097
1388,18108
978,18119
1388,18130
1388,18141
1215,18152
0,18162
1388,18163
1388,18174
1281,18186
1388,18197
1388,18205
1388,18213
61,18222
1388,18230
0,18240
1388,18241
1317,18252
1388,18263
1388,18274
1361,18286
0,18296
1388,18297
1388,18308
921,18319
1388,18330
1388,18341
1196,18352
1388,18363
1388,18374
0,18384
1180,18386
0,18396
1388,18397
1388,18408
1169,18419
1388,18430
1388,18441
925,18452
0,18462
1388,18463
1388,18474
1345,18486
1388,18497
1388,18508
0,18518
1355,18519
1388,18530
0,18540
1388,18541
979,18552
1388,18563
1388,18574
753,18586
1388,18597
0,18607
1388,18608
899,18619
1388,18630
1388,18641
841,18652
0,18662
1388,18663
1388,18674
929,18686
1388,18697
1388,18708
809,18719
1388,18730
1388,18741
1025,18752
0,18762
1388,18763
0,18773
1388,18774
1217,18786
1388,18797
1388,18808
1088,18819
0,18829
1388,18830
1388,18841
1356,18852
1388,18863
1388,18874
1369,18886
0,18896
1388,18897
1388,18905
1388,18913
153,18922
1388,18930
1388,18938
1388,18947
335,18955
1388,18963
1388,18972
1388,18980
218,18988
1388,18997
1388,19005
1388,19013
210,19022
1388,19030
1388,19038
1388,19047
11,19055
1388,19063
1388,19072
1388,19080
411,19088
1388,19097
1388,19105
1388,19113
504,19122
1388,19130
1388,19138
1388,19147
766,19155
1388,19163
1388,19172
1388,19180
1033,19188
1388,19197
1388,19205
1388,19213
886,19222
1388,19230
1388,19238
1388,19247
700,19255
1388,19263
1388,19272
1388,19280
638,19288
1388,19297
1388,19305
1388,19313
188,19322
1388,19330
1388,19338
1388,19347
236,19355
1388,19363
1388,19374
1269,19386
0,19396
1388,19397
1388,19408
0,19418
1308,19419
1388,19430
1388,19441
1053,19452
1388,19463
1388,19474
0,19484
1237,19486
0,19496
1388,19497
1388,19508
1200,19519
1388,19530
1388,19541
861,19552
0,19562
1388,19563
1388,19574
732,19586
1388,19597
1388,19608
1281,19619
0,19629
1388,19630
1388,19641
1126,19652
1388,19663
1388,19674
0,19684
1288,19686
1388,19697
1388,19708
1068,19719
1388,19730
1388,19741
1252,19752
1388,19763
1388,19774
0,19784
1315,19786
0,19796
1388,19797
1388,19808
0,19818
1280,19819
1388,19830
0,19840
1388,19841
1337,19852
1388,19863
1388,19872
1388,19880
21,19888
1388,19897
1388,19905
1388,19913
353,19922
1388,19930
1388,19938
1388,19947
454,19955
1388,19963
1388,19972
1388,19980
501,19988
1388,19997
