1122,1048
0,1058
1251,1079
0,1089
1183,1113
0,1130
1386,1146
0,1161
451,1163
0,1173
1386,1179
179,1196
0,1206
351,1213
1386,1246
0,1256
0,1259
281,1263
1386,1279
364,1296
1386,1313
857,1329
0,1344
1386,1346
0,1356
701,1363
1230,1379
1386,1413
0,1423
0,1426
161,1429
613,1446
1388,1479
1388,1491
357,1502
1388,1513
0,1523
1388,1524
0,1534
94,1535
1388,1546
1388,1557
762,1568
1388,1579
0,1589
1388,1591
1213,1602
1388,1613
1388,1619
1388,1626
1388,1633
22,1639
1388,1646
1388,1654
1388,1663
1025,1671
1388,1679
1388,1686
1388,1693
1388,1699
20,1706
1388,1713
1388,1721
1388,1729
1298,1738
1388,1746
1388,1754
1388,1763
1216,1771
1388,1779
1388,1784
1388,1789
1388,1794
1388,1798
1401,1801
1388,1803
1131,1808
1388,1813
1104,1829
0,1846
1388,1846
1388,1853
1388,1859
1388,1866
457,1873
1388,1879
1388,1888
1388,1896
1097,1904
1388,1913
1388,1921
1388,1929
810,1938
1388,1946
1388,1953
1388,1959
1388,1966
635,1973
1388,1979
1388,1988
1388,1996
673,2004
1388,2013
0,2023
639,2029
0,2041
0,2043
1388,2046
1388,2054
1388,2063
650,2071
1388,2079
1388,2088
1388,2096
569,2104
1388,2113
1388,2119
1388,2126
1388,2133
1334,2139
1388,2146
1388,2153
1388,2159
1388,2166
150,2173
1388,2179
1388,2188
1388,2196
1336,2204
1388,2213
1388,2219
1388,2226
1388,2233
1307,2239
1388,2246
0,2256
1388,2257
254,2268
1388,2279
1388,2285
1388,2291
1388,2296
1388,2302
1254,2307
1388,2313
1388,2319
1388,2326
1388,2333
1035,2339
1388,2346
1388,2353
1388,2359
1388,2366
666,2373
1388,2379
1388,2386
1388,2393
1388,2399
516,2406
1388,2413
1388,2419
1388,2426
1388,2433
800,2439
1388,2446
1403,2452
1388,2454
1388,2459
1388,2466
817,2473
1388,2479
1388,2486
1388,2493
1388,2499
909,2506
1388,2513
1388,2519
1388,2526
1388,2533
652,2539
1388,2546
1388,2553
1388,2559
1388,2566
363,2573
1388,2579
1388,2585
1388,2591
1388,2596
1388,2602
537,2607
1388,2613
0,2623
1388,2624
372,2635
1388,2646
1388,2653
1388,2659
1388,2666
528,2673
1388,2679
1388,2686
1388,2693
1388,2699
180,2706
1388,2713
1388,2719
1388,2726
1388,2733
209,2739
1388,2746
1388,2753
1388,2759
1388,2766
769,2773
1388,2779
1388,2783
1388,2787
1388,2791
1388,2794
1388,2798
1388,2802
1388,2805
646,2809
1388,2813
0,2823
1388,2824
184,2835
1388,2846
1388,2854
1388,2863
1242,2871
1388,2879
1388,2888
1388,2896
1119,2904
1388,2913
1388,2919
1388,2926
1388,2933
1328,2939
1388,2946
1388,2953
1388,2959
1388,2966
309,2973
1388,2979
1388,2986
1388,2993
1388,2999
127,3006
1388,3013
1388,3019
1388,3026
1388,3033
558,3039
1388,3046
1388,3053
1388,3059
1388,3066
903,3073
1388,3079
1388,3086
1388,3093
1388,3099
588,3106
1388,3113
1388,3119
1388,3126
1388,3133
471,3139
1388,3146
1388,3153
1388,3159
1388,3166
39,3173
1388,3179
1388,3188
1388,3196
1031,3204
1388,3213
1388,3219
1388,3226
1388,3233
79,3239
1388,3246
1388,3253
1388,3259
1388,3266
339,3273
1388,3279
1388,3286
1388,3293
1388,3299
245,3306
1388,3313
1388,3319
1388,3326
1388,3333
403,3339
1388,3346
1388,3353
1388,3359
1388,3366
248,3373
1388,3379
1388,3385
1388,3391
1388,3396
1388,3402
879,3407
1388,3413
843,3429
0,3442
1388,3446
1388,3453
1388,3459
1388,3466
294,3473
1388,3479
1388,3488
1388,3496
1367,3504
1388,3513
1388,3521
1388,3529
1207,3538
1388,3546
1388,3553
1388,3559
1403,3559
1388,3566
367,3573
1388,3579
1388,3588
1388,3596
1048,3604
1388,3613
727,3629
1388,3646
1388,3654
1388,3663
687,3671
1388,3679
1388,3688
1388,3696
313,3704
1388,3713
1388,3719
1388,3726
1388,3733
291,3739
1388,3746
1388,3754
1388,3763
501,3771
1388,3779
1388,3788
1388,3796
1403,3801
419,3804
1388,3813
1388,3821
1388,3829
1064,3838
1388,3846
1388,3854
1388,3863
367,3871
1388,3879
1388,3888
1388,3896
533,3904
1388,3913
1388,3921
1388,3929
697,3938
1388,3946
1388,3954
1388,3963
34,3971
1388,3979
0,3989
1388,3991
0,4001
1310,4002
1388,4013
1388,4021
1388,4029
542,4038
1388,4046
1388,4054
1388,4063
882,4071
1388,4079
1388,4088
1388,4096
927,4104
1388,4113
1388,4121
1388,4129
818,4138
1388,4146
1388,4154
1388,4163
914,4171
1388,4179
1388,4185
1388,4191
1388,4196
1388,4202
211,4207
1388,4213
0,4223
0,4226
659,4229
1388,4246
1388,4253
1388,4259
1388,4266
47,4273
1388,4279
1388,4286
1388,4293
1388,4299
530,4306
1388,4313
1388,4319
1388,4326
1388,4333
564,4339
1388,4346
1388,4352
1388,4357
1388,4363
1388,4368
536,4374
1388,4379
1388,4385
1388,4391
1388,4396
1388,4402
149,4407
1388,4413
0,4423
1388,4424
162,4435
1388,4446
1388,4453
1388,4459
1388,4466
290,4473
1388,4479
1388,4485
1388,4491
1388,4496
1388,4502
337,4507
1388,4513
1388,4519
1388,4526
1388,4533
437,4539
1388,4546
1388,4553
1388,4559
1388,4566
593,4573
1388,4579
1388,4586
1388,4593
1388,4599
170,4606
1388,4613
1388,4617
1388,4621
1388,4625
1388,4629
1388,4634
1388,4638
842,4642
1388,4646
1388,4653
1388,4659
1388,4666
317,4673
1388,4679
1388,4686
1388,4693
1388,4699
379,4706
1388,4713
1388,4721
1388,4729
887,4738
1388,4746
1388,4754
1388,4763
649,4771
1388,4779
1388,4788
1388,4796
870,4804
1388,4813
1388,4821
1388,4829
667,4838
1388,4846
1388,4854
1388,4863
1115,4871
1388,4879
1388,4888
1388,4896
1214,4904
1388,4913
1388,4921
1388,4929
1273,4938
1388,4946
1388,4954
1388,4963
1088,4971
1388,4979
1388,4988
1388,4996
670,5004
1388,5013
1388,5021
1388,5029
530,5038
1388,5046
1388,5054
1388,5063
265,5071
1388,5079
1388,5088
1388,5096
770,5104
1388,5113
1388,5121
1388,5129
565,5138
1388,5146
480,5163
1388,5179
0,5189
1388,5191
1132,5202
1388,5213
1388,5224
0,5234
1274,5235
1388,5246
1388,5254
1388,5263
340,5271
1388,5279
1388,5288
1388,5296
26,5304
1388,5313
1388,5321
1388,5329
393,5338
1388,5346
0,5356
0,5359
802,5363
1388,5379
1388,5388
1388,5396
455,5404
1388,5413
1388,5419
1388,5426
1388,5433
268,5439
1388,5446
1388,5454
1388,5463
644,5471
1388,5479
1388,5488
1388,5496
674,5504
1388,5513
1388,5521
1388,5529
287,5538
1388,5546
1388,5557
1333,5568
1388,5579
1388,5591
1269,5602
1388,5613
1388,5624
1282,5635
1388,5646
0,5656
1388,5657
0,5667
1212,5668
1388,5679
0,5689
1388,5691
1376,5702
0,5712
1388,5713
1388,5721
1411,5726
1388,5729
1235,5748
1460,5750
1198,5760
1210,5774
1388,5779
1388,5788
1388,5796
213,5804
1388,5813
0,5823
1388,5824
0,5834
1029,5835
1388,5846
1388,5857
916,5868
1388,5879
1388,5888
1388,5896
295,5904
1388,5913
1388,5921
1388,5929
157,5938
1388,5946
175,5963
1388,5979
1388,5991
1050,6002
0,6013
1388,6013
1388,6024
1128,6035
0,6045
1388,6046
1388,6054
1388,6063
927,6071
1388,6079
1388,6088
1388,6096
754,6104
1388,6113
1388,6121
1388,6129
722,6138
1388,6146
0,6156
956,6163
1388,6179
1388,6188
1388,6196
260,6204
1388,6213
1388,6219
1388,6226
1388,6233
768,6239
1388,6246
1388,6254
1388,6263
667,6271
1388,6279
1388,6288
1388,6296
657,6304
1388,6313
1388,6321
1388,6329
846,6338
1388,6346
1388,6354
1388,6363
694,6371
1388,6379
0,6389
1388,6391
1264,6402
1388,6413
1388,6417
1388,6421
1388,6425
1388,6429
1388,6434
1388,6438
159,6442
1388,6446
1388,6454
1388,6463
1382,6471
1388,6479
1388,6488
1388,6496
791,6504
1388,6513
1388,6519
1388,6526
1388,6533
1352,6539
1388,6546
0,6556
589,6563
1388,6579
1388,6588
1388,6596
1241,6604
1388,6613
1388,6621
1388,6629
1171,6638
1388,6646
1388,6653
1388,6659
1388,6666
117,6673
1388,6679
1388,6685
1388,6691
1388,6696
1388,6702
93,6707
1388,6713
1388,6719
1388,6726
1388,6733
797,6739
1388,6746
1388,6757
219,6768
0,6778
1388,6779
1388,6786
1388,6793
1388,6799
506,6806
1388,6813
1388,6819
1388,6826
1388,6833
172,6839
1388,6846
1388,6852
1388,6857
1388,6863
1388,6868
583,6874
1388,6879
1388,6886
1388,6893
1388,6899
596,6906
1388,6913
1388,6919
1388,6926
1388,6933
640,6939
1388,6946
827,6963
0,6973
0,6979
1388,6979
1388,6988
1388,6996
826,7004
1388,7013
1388,7019
1388,7026
1388,7033
514,7039
1388,7046
1388,7054
1388,7063
579,7071
1388,7079
1388,7088
1388,7096
711,7104
1388,7113
1388,7121
1388,7129
841,7138
1388,7146
1388,7154
1388,7163
1256,7171
1388,7179
1388,7186
1388,7193
1388,7199
240,7206
1388,7213
1388,7219
1388,7226
1388,7233
39,7239
1388,7246
1388,7253
1388,7259
1388,7266
26,7273
1388,7279
1388,7288
1388,7296
720,7304
1388,7313
1388,7319
1388,7326
1388,7333
1198,7339
1388,7346
0,7361
949,7363
1388,7379
1388,7388
1388,7396
686,7404
1388,7413
1388,7421
1388,7429
1055,7438
1388,7446
1388,7454
1388,7463
1068,7471
1388,7479
1388,7486
1388,7493
1388,7499
727,7506
1388,7513
1388,7519
1388,7526
1388,7533
332,7539
1388,7546
0,7557
0,7559
1138,7563
1388,7579
1388,7588
1388,7596
1325,7604
1388,7613
1388,7621
1388,7629
917,7638
1388,7646
1388,7653
1388,7659
1388,7666
1097,7673
1388,7679
1388,7686
1388,7693
1388,7699
407,7706
1388,7713
1388,7719
1388,7726
1388,7733
498,7739
1388,7746
0,7756
1388,7757
788,7768
1388,7779
1388,7785
1388,7791
1388,7796
1388,7802
20,7807
1388,7813
1388,7819
1388,7826
1388,7833
853,7839
1388,7846
1388,7854
1388,7863
907,7871
1388,7879
1388,7888
1388,7896
886,7904
1388,7913
1388,7921
1388,7929
619,7938
1388,7946
1388,7954
1388,7963
93,7971
1388,7979
1388,7985
1388,7991
1388,7996
1388,8002
855,8007
1388,8013
1388,8021
1388,8029
45,8038
1419,8043
1388,8046
1388,8054
1388,8063
468,8071
1388,8079
1388,8088
1388,8096
466,8104
1388,8113
1388,8119
1388,8126
1388,8133
1383,8139
1388,8146
163,8163
1388,8179
1388,8188
1388,8196
641,8204
1388,8213
1419,8218
1460,8243
1460,8244
718,8246
1460,8256
1460,8266
1260,8267
323,8271
1388,8279
1388,8286
1388,8293
1388,8299
10,8306
1388,8313
1388,8321
1388,8329
439,8338
1388,8346
53,8363
1388,8379
1388,8388
1388,8396
381,8404
1388,8413
1388,8421
1388,8429
647,8438
1388,8446
1388,8453
1388,8459
1388,8466
638,8473
1388,8479
1388,8486
1388,8493
1388,8499
472,8506
1388,8513
1388,8519
1388,8526
1388,8533
366,8539
1388,8546
0,8556
815,8563
1388,8579
1388,8585
1388,8591
1388,8596
1388,8602
111,8607
1388,8613
1388,8621
1388,8629
1298,8638
1388,8646
1388,8654
1388,8663
622,8671
1388,8679
1388,8688
1388,8696
551,8704
1388,8713
1388,8721
1388,8729
554,8738
1388,8746
1388,8754
1388,8763
10,8771
1388,8779
1388,8791
1290,8802
0,8812
1388,8813
1388,8821
1388,8829
392,8838
1388,8846
1388,8854
1388,8863
470,8871
1388,8879
1388,8888
1388,8896
372,8904
1388,8913
1388,8919
1388,8926
1388,8933
1096,8939
1388,8946
0,8961
861,8963
1388,8979
1388,8988
1388,8996
955,9004
1388,9013
1388,9021
1388,9029
919,9038
1388,9046
1388,9054
1388,9063
519,9071
1388,9079
1388,9086
1388,9093
1388,9099
668,9106
1388,9113
1388,9121
1388,9129
667,9138
1388,9146
290,9163
1388,9179
1388,9188
1388,9196
98,9204
1388,9213
1388,9221
1388,9229
1219,9238
1388,9246
1388,9254
1388,9263
226,9271
1388,9279
1388,9288
1388,9296
343,9304
1388,9313
1388,9321
1388,9329
294,9338
1388,9346
0,9356
426,9363
1388,9379
1388,9388
1388,9396
1103,9404
1388,9413
1388,9421
1388,9429
514,9438
1388,9446
1388,9454
1388,9463
157,9471
1388,9479
1388,9491
530,9502
1388,9513
1388,9521
1388,9529
1025,9538
1388,9546
1388,9553
1388,9559
1388,9566
20,9573
1388,9579
1388,9588
1388,9596
1298,9604
1388,9613
1388,9621
1388,9629
1216,9638
1388,9646
1388,9651
1388,9656
1388,9660
1388,9665
1388,9670
1131,9675
1388,9679
0,9689
1104,9696
1388,9713
1388,9719
1388,9726
1388,9733
457,9739
1388,9746
1388,9754
1388,9763
1097,9771
1388,9779
1388,9788
1388,9796
810,9804
1388,9813
1388,9819
1388,9826
1388,9833
635,9839
1388,9846
1388,9854
1388,9863
673,9871
1388,9879
0,9896
639,9896
1388,9913
1388,9921
1388,9929
650,9938
1388,9946
1388,9954
1388,9963
569,9971
1388,9979
1388,9986
1388,9993
1388,9999
1334,10006
1388,10013
1388,10019
1388,10026
1388,10033
150,10039
1388,10046
1388,10054
1388,10063
1423,10066
1336,10071
1388,10079
1388,10086
1388,10093
1388,10099
1307,10106
1388,10113
1388,10124
254,10135
1388,10146
1388,10152
1388,10157
1388,10163
1388,10168
1254,10174
1388,10179
1388,10186
1388,10193
1388,10199
1035,10206
1388,10213
1388,10219
1388,10226
1388,10233
666,10239
1388,10246
1388,10253
1388,10259
1388,10266
516,10273
1388,10279
1388,10286
1388,10293
1388,10299
800,10306
1388,10313
1388,10319
1388,10326
1388,10333
817,10339
1388,10346
1388,10353
1388,10359
1388,10366
909,10373
1388,10379
1388,10386
1388,10393
1388,10399
652,10406
1388,10413
1388,10419
1388,10426
1388,10433
363,10439
1388,10446
1388,10452
1388,10457
1388,10463
1388,10468
537,10474
1388,10479
0,10489
1388,10491
372,10502
1388,10513
1388,10519
1388,10526
1388,10533
528,10539
1388,10546
1388,10553
1388,10559
1388,10566
180,10573
1388,10579
1388,10586
1388,10593
1388,10599
209,10606
1388,10613
1388,10619
1388,10626
1388,10633
769,10639
1388,10646
1388,10650
1388,10653
1388,10657
1388,10661
1388,10665
1388,10668
1388,10672
646,10676
1388,10679
1388,10691
184,10702
1423,10709
1388,10713
1388,10721
1388,10729
1242,10738
1388,10746
1388,10754
1388,10763
1119,10771
1388,10779
1388,10786
1388,10793
1388,10799
1328,10806
1388,10813
1388,10819
1388,10826
1388,10833
309,10839
1388,10846
1388,10853
1388,10859
1388,10866
127,10873
1388,10879
1388,10886
1388,10893
1388,10899
558,10906
1388,10913
1388,10919
1388,10926
1388,10933
903,10939
1388,10946
1388,10953
1388,10959
1388,10966
588,10973
1388,10979
1388,10986
1388,10993
1388,10999
471,11006
1388,11013
1388,11019
1388,11026
1388,11033
39,11039
1388,11046
1388,11054
1388,11063
1031,11071
1388,11079
1388,11086
1388,11093
1388,11099
79,11106
1388,11113
1388,11119
1388,11126
1388,11133
339,11139
1388,11146
1388,11153
1388,11159
1388,11166
245,11173
1388,11179
1388,11186
1460,11216
1460,11233
1460,11234
1460,11253
1460,11263
282,11269
1460,11281
1460,11291
1460,11301
1460,11348
1460,11349
1459,11351
1460,11361
1460,11371
1460,11397
1460,11419
1459,11429
1460,11439
1460,11469
1460,11470
1459,11472
1460,11473
1460,11475
1460,11476
1460,11478
1460,11480
1460,11481
1460,11483
1460,11484
1460,11486
1460,11487
1460,11489
1460,11490
1460,11492
376,11493
727,11496
0,11511
1388,11513
1388,11521
1388,11529
687,11538
1503,11538
1388,11546
1388,11554
1388,11563
313,11571
1388,11579
1388,11586
1388,11593
1388,11599
291,11606
1388,11613
1388,11621
1388,11629
501,11638
1388,11646
1388,11654
1388,11663
419,11671
1388,11679
1388,11688
1388,11696
1064,11704
1388,11713
1388,11721
1388,11729
367,11738
1388,11746
1388,11754
1388,11763
533,11771
1388,11779
1388,11788
1388,11796
697,11804
1388,11813
1388,11821
1388,11829
34,11838
1388,11846
1388,11857
0,11867
1310,11868
1388,11879
1388,11888
1388,11896
542,11904
1388,11913
1388,11921
1388,11929
882,11938
1388,11946
1388,11954
1388,11963
927,11971
1388,11979
1388,11988
1388,11996
818,12004
1388,12013
1388,12021
1388,12029
914,12038
1388,12046
1388,12052
1388,12057
1388,12063
1388,12068
211,12074
1388,12079
0,12089
659,12096
1388,12113
1388,12119
1388,12126
1388,12133
47,12139
1388,12146
1388,12153
1388,12159
1388,12166
530,12173
1388,12179
1388,12186
1388,12193
1388,12199
564,12206
1388,12213
1388,12218
1388,12224
1388,12229
1388,12235
536,12241
1388,12246
1388,12252
1388,12257
1388,12263
1388,12268
149,12274
1388,12279
1388,12291
162,12302
1388,12313
1388,12319
1388,12326
1388,12333
290,12339
1388,12346
1388,12352
1388,12357
1388,12363
1388,12368
337,12374
1388,12379
1388,12386
1388,12393
1388,12399
437,12406
1388,12413
1388,12419
1388,12426
1388,12433
593,12439
1388,12446
1388,12453
1388,12459
1388,12466
170,12473
1388,12479
1388,12484
1388,12488
1388,12492
1388,12496
1388,12500
1388,12504
842,12509
1388,12513
1388,12519
1388,12526
1388,12533
317,12539
1388,12546
1388,12553
1388,12559
1388,12566
379,12573
1388,12579
1388,12588
1388,12596
887,12604
1388,12613
1388,12621
1388,12629
649,12638
1388,12646
1388,12654
1388,12663
870,12671
1388,12679
1388,12688
1388,12696
667,12704
1388,12713
1388,12721
1388,12729
1115,12738
1388,12746
1388,12754
1388,12763
1214,12771
1388,12779
1388,12788
1388,12796
1273,12804
1388,12813
1388,12821
1388,12829
1088,12838
1388,12846
1388,12854
1388,12863
670,12871
1388,12879
1388,12888
1388,12896
530,12904
1388,12913
1388,12921
1388,12929
265,12938
1388,12946
1388,12954
1388,12963
770,12971
1388,12979
1388,12988
1388,12996
565,13004
1388,13013
0,13023
480,13029
1388,13046
1388,13057
0,13067
1132,13068
0,13078
1388,13079
1388,13091
1274,13102
1388,13113
1388,13121
1388,13129
340,13138
1388,13146
1388,13154
1388,13163
26,13171
1388,13179
1388,13188
1388,13196
393,13204
1388,13213
0,13223
0,13228
802,13229
1388,13246
1388,13254
1388,13263
455,13271
1388,13279
1388,13286
1388,13293
1388,13299
268,13306
1388,13313
1388,13321
1388,13329
644,13338
1388,13346
1388,13354
1388,13363
674,13371
1388,13379
1388,13388
1388,13396
287,13404
1388,13413
0,13423
1388,13424
1333,13435
1388,13446
0,13456
1388,13457
0,13467
1269,13468
1388,13479
1388,13491
1282,13502
1388,13513
0,13523
1388,13524
1212,13535
1388,13546
0,13556
1388,13557
1376,13568
0,13578
1388,13579
1388,13588
1388,13596
1262,13604
1388,13613
0,13623
0,13624
1210,13629
1388,13646
1388,13654
1388,13663
213,13671
1388,13679
1388,13691
0,13701
1029,13702
0,13712
1388,13713
1388,13724
916,13735
1388,13746
1388,13754
1388,13763
295,13771
1388,13779
1388,13788
1388,13796
157,13804
1388,13813
175,13829
0,13841
0,13842
1388,13846
1388,13857
1050,13868
1388,13879
1388,13891
0,13901
0,13901
1128,13902
1388,13913
1388,13921
1388,13929
927,13938
1388,13946
1388,13954
1388,13963
754,13971
1388,13979
1388,13988
1388,13996
722,14004
1388,14013
0,14023
0,14023
956,14029
0,14039
1388,14046
1388,14054
1388,14063
260,14071
1388,14079
1388,14086
1388,14093
1388,14099
768,14106
1388,14113
1388,14121
785,14124
1388,14129
1460,14151
603,14152
1460,14169
1324,14170
657,14171
1388,14179
1388,14188
1388,14196
846,14204
1388,14213
1388,14221
1388,14229
694,14238
1388,14246
1388,14257
1264,14268
1388,14279
1388,14284
1388,14288
1388,14292
1388,14296
1388,14300
1388,14304
159,14309
1388,14313
1388,14321
1388,14329
1382,14338
1388,14346
1388,14354
1388,14363
791,14371
1388,14379
1388,14386
1388,14393
1388,14399
1352,14406
1388,14413
589,14429
0,14439
0,14442
1388,14446
1388,14454
1388,14463
1241,14471
1388,14479
1388,14488
1388,14496
1171,14504
1388,14513
1388,14519
1388,14526
1388,14533
117,14539
1388,14546
1388,14552
1388,14557
1388,14563
1388,14568
93,14574
1388,14579
1388,14586
1388,14593
1388,14599
797,14606
1388,14613
1388,14624
219,14635
1388,14646
1388,14653
1388,14659
1388,14666
506,14673
1388,14679
1388,14686
1388,14693
1388,14699
172,14706
1388,14713
1388,14718
1388,14724
1388,14729
1388,14735
583,14741
1388,14746
1388,14753
1388,14759
1388,14766
596,14773
1388,14779
1388,14786
1388,14793
1388,14799
640,14806
1388,14813
827,14829
0,14845
1388,14846
1388,14854
1388,14863
826,14871
1388,14879
1388,14886
1388,14893
1388,14899
514,14906
1388,14913
1388,14921
1388,14929
579,14938
1388,14946
1388,14954
1388,14963
711,14971
1388,14979
1388,14988
1388,14996
841,15004
1388,15013
1388,15021
1388,15029
1256,15038
1388,15046
1388,15053
1388,15059
1388,15066
240,15073
1388,15079
1388,15086
1388,15093
1388,15099
39,15106
1388,15113
1388,15119
1388,15126
1388,15133
26,15139
1388,15146
1388,15154
1388,15163
720,15171
1388,15179
1388,15186
1388,15193
1388,15199
1198,15206
1388,15213
0,15228
949,15229
1388,15246
1388,15254
1388,15263
686,15271
1388,15279
1388,15288
1388,15296
1055,15304
1388,15313
1388,15321
1388,15329
1068,15338
1388,15346
1388,15353
1388,15359
1388,15366
1020,15367
727,15373
1388,15379
1388,15386
1388,15393
1388,15399
332,15406
1388,15413
1138,15429
0,15439
0,15443
1388,15446
1388,15454
1388,15463
1325,15471
1388,15479
1388,15488
1388,15496
917,15504
1388,15513
1388,15519
1388,15526
1388,15533
1097,15539
1388,15546
1388,15553
1388,15559
1388,15566
407,15573
1388,15579
1388,15586
1388,15593
1388,15599
498,15606
1388,15613
1388,15624
788,15635
1388,15646
1388,15652
1388,15657
1388,15663
1388,15668
20,15674
1388,15679
1388,15686
1388,15693
1388,15699
853,15706
1388,15713
1388,15721
1388,15729
907,15738
1388,15746
1388,15754
1388,15763
886,15771
1388,15779
1388,15788
1388,15796
619,15804
1388,15813
1388,15821
1463,15826
1388,15829
93,15838
1388,15846
1388,15852
1388,15857
1388,15863
1388,15868
855,15874
1388,15879
1388,15888
1388,15896
45,15904
1388,15913
1388,15921
1388,15929
468,15938
1388,15946
1388,15954
1388,15963
466,15971
1388,15979
1388,15986
1388,15993
1388,15999
1383,16006
1388,16013
163,16029
1388,16046
1388,16054
1388,16063
641,16071
1388,16079
1388,16088
1388,16096
846,16104
1388,16113
1388,16121
1388,16129
323,16138
1388,16146
1388,16153
1388,16159
1388,16166
10,16173
1388,16179
1388,16188
1388,16196
439,16204
1388,16213
53,16229
0,16240
1388,16246
1388,16254
1388,16263
381,16271
1388,16279
1388,16288
1388,16296
647,16304
1388,16313
1388,16319
1388,16326
1388,16333
638,16339
1388,16346
1388,16353
1388,16359
1388,16366
472,16373
1388,16379
1388,16386
1388,16393
1388,16399
366,16406
1388,16413
815,16429
0,16440
1388,16446
1388,16452
1388,16457
1388,16463
1388,16468
111,16474
1388,16479
1388,16488
1388,16496
1298,16504
1388,16513
1388,16521
1388,16529
622,16538
1388,16546
1388,16554
1388,16563
551,16571
1388,16579
1388,16588
1388,16596
554,16604
1388,16613
1388,16621
1388,16629
10,16638
1388,16646
0,16656
1388,16657
0,16667
1290,16668
1388,16679
1388,16688
1388,16696
392,16704
1388,16713
1388,16721
1388,16729
470,16738
1388,16746
1388,16754
1388,16763
372,16771
1388,16779
1388,16786
1388,16793
1388,16799
1096,16806
1388,16813
861,16829
1388,16846
1388,16854
1388,16863
955,16871
1388,16879
1388,16888
1388,16896
919,16904
1388,16913
1388,16921
1388,16929
519,16938
1388,16946
1388,16953
1388,16959
1388,16966
668,16973
1388,16979
1388,16988
1388,16996
667,17004
1388,17013
290,17029
0,17039
0,17044
1388,17046
1388,17054
1388,17063
98,17071
1388,17079
1388,17088
1388,17096
1219,17104
1388,17113
1388,17121
1388,17129
226,17138
1388,17146
1388,17154
1388,17163
343,17171
1388,17179
1388,17188
1388,17196
294,17204
1388,17213
0,17223
426,17229
1388,17246
1388,17254
1388,17263
1103,17271
1388,17279
1388,17288
1388,17296
514,17304
1388,17313
1388,17321
1388,17329
157,17338
1388,17346
1388,17357
530,17368
1388,17379
1388,17388
1388,17396
1025,17404
1388,17413
1388,17419
1388,17426
1388,17433
20,17439
1388,17446
1388,17454
1388,17463
1298,17471
1388,17479
1388,17488
1388,17496
1216,17504
1388,17513
1388,17518
1388,17522
1388,17527
1388,17532
1388,17537
1131,17541
1388,17546
1104,17563
1388,17579
1388,17586
1388,17593
1388,17599
457,17606
1388,17613
1388,17621
1388,17629
1097,17638
1388,17646
1388,17654
1388,17663
810,17671
1388,17679
1388,17686
1388,17693
1388,17699
635,17706
1388,17713
1388,17721
1388,17729
673,17738
1388,17746
639,17763
1388,17779
1388,17788
1388,17796
650,17804
1388,17813
1388,17821
1388,17829
569,17838
1388,17846
1388,17853
1388,17859
1388,17866
1334,17873
1388,17879
1388,17886
1388,17893
1388,17899
150,17906
1388,17913
1388,17921
1388,17929
1336,17938
1388,17946
1388,17953
1388,17959
1388,17966
1307,17973
1388,17979
0,17989
1388,17991
254,18002
1388,18013
1388,18018
1388,18024
1388,18029
1388,18035
1254,18041
1388,18046
1388,18053
1388,18059
1388,18066
1035,18073
1388,18079
1388,18086
1388,18093
1388,18099
666,18106
1388,18113
1388,18119
1388,18126
1388,18133
516,18139
1388,18146
1388,18153
1388,18159
1388,18166
800,18173
1388,18179
1388,18186
1388,18193
1388,18199
817,18206
1388,18213
1388,18219
1388,18226
1388,18233
909,18239
1388,18246
1388,18253
1388,18259
1388,18266
652,18273
1388,18279
1388,18286
1388,18293
1388,18299
363,18306
1388,18313
1388,18318
1388,18324
1388,18329
1388,18335
537,18341
1388,18346
1388,18357
372,18368
1388,18379
1388,18386
1388,18393
1388,18399
528,18406
1388,18413
1388,18419
1388,18426
1388,18433
180,18439
1388,18446
1388,18453
1388,18459
1388,18466
209,18473
1388,18479
1388,18486
1388,18493
1388,18499
769,18506
1388,18513
1388,18516
1388,18520
1388,18524
1388,18528
1388,18531
1388,18535
1388,18539
646,18542
1388,18546
1388,18557
184,18568
1388,18579
1388,18588
1388,18596
1242,18604
1388,18613
1388,18621
1388,18629
1119,18638
1388,18646
1388,18653
1388,18659
1388,18666
1328,18673
1388,18679
1388,18686
1388,18693
1388,18699
309,18706
1388,18713
1388,18719
1388,18726
1388,18733
127,18739
1388,18746
1388,18753
1388,18759
1388,18766
558,18773
1388,18779
1388,18786
1388,18793
1388,18799
903,18806
1388,18813
1388,18819
1388,18826
1388,18833
588,18839
1388,18846
1388,18853
1388,18859
1388,18866
471,18873
1388,18879
1388,18886
1388,18893
1388,18899
39,18906
1388,18913
1388,18921
1388,18929
1031,18938
1388,18946
1388,18953
1388,18959
1388,18966
79,18973
1388,18979
1388,18986
1388,18993
1388,18999
339,19006
1388,19013
1388,19019
1388,19026
1388,19033
245,19039
1388,19046
1388,19053
1388,19059
1388,19066
403,19073
1388,19079
1388,19086
1388,19093
1388,19099
248,19106
1388,19113
1388,19118
1388,19124
1388,19129
1388,19135
879,19141
1388,19146
0,19162
843,19163
1388,19179
1388,19186
1388,19193
1388,19199
294,19206
1388,19213
1388,19221
1388,19229
1367,19238
1388,19246
1388,19254
1388,19263
1207,19271
1388,19279
1388,19286
1388,19293
1388,19299
367,19306
1388,19313
1388,19321
1388,19329
1048,19338
1475,19340
1388,19346
0,19356
727,19363
1388,19379
1388,19388
1388,19396
687,19404
1388,19413
1388,19421
1388,19429
313,19438
1388,19446
1388,19453
1388,19459
1388,19466
291,19473
1388,19479
1388,19488
1388,19496
501,19504
1388,19513
1388,19521
1388,19529
419,19538
1388,19546
1388,19554
1388,19563
1064,19571
1388,19579
1388,19588
1388,19596
367,19604
1388,19613
1388,19621
1388,19629
533,19638
1388,19646
1388,19654
1388,19663
697,19671
1388,19679
1388,19688
1388,19696
34,19704
1388,19713
1388,19724
1310,19735
1388,19746
1388,19754
1388,19763
542,19771
1388,19779
1388,19788
1388,19796
882,19804
1388,19813
1388,19821
1388,19829
927,19838
1388,19846
1388,19854
1388,19863
818,19871
1388,19879
1388,19888
1388,19896
914,19904
1388,19913
1388,19918
1388,19924
1388,19929
1388,19935
211,19941
1388,19946
0,19961
659,19963
1388,19979
1388,19986
1388,19993
1388,19999
